5.04376e+08
5.45025e+08
5.27012e+08
5.1397e+08
4.91552e+08
5.05311e+08
5.81618e+08
5.28473e+08
4.95533e+08
5.66549e+08
6.90182e-310
6.90182e-310
0
0
0
0
0
0
6.90182e-310
0
0
0
0
0
0
6.90182e-310
0
0
0
6.90179e-310
0
4.04739e-320
6.90179e-310
0
0
3.11649e-317
6.90182e-310
0
0
0
0
6.90182e-310
2.96439e-323
0
2.02468e-320
6.90179e-310
0
0
0
0
0
0
0
0
0
0
0
0
0
0
0
0
0
0
0
6.95293e-310
6.95302e-310
6.90182e-310
0
2.122e-314
6.95302e-310
6.90182e-310
6.90182e-310
6.90182e-310
2.07425e-317
-6.64871e-207
2.07832e-317
0
2.07425e-317
6.95302e-310
2.07832e-317
6.90182e-310
6.90182e-310
6.95302e-310
2.122e-314
2.07461e-317
0
-5.77397e+63
2.07425e-317
6.95302e-310
0
0
6.36641e-64
5.39033e-62
0
0
0
2.07832e-317
6.95302e-310
4.94066e-324
0
0
2.07425e-317
6.95302e-310
0
2.07427e-317
6.95302e-310
1.38338e-322
4.94066e-324
6.95302e-310
0
6.95302e-310
6.95302e-310
6.95302e-310
6.95302e-310
6.95302e-310
6.95302e-310
6.95302e-310
6.95302e-310
6.95302e-310
6.95302e-310
6.95302e-310
6.95302e-310
6.95302e-310
6.95302e-310
6.95302e-310
6.95302e-310
6.95302e-310
0
1.63042e-322
6.95302e-310
7.90505e-323
1.59085e-314
2.96439e-323
2.02369e-320
8.39912e-323
4.94066e-322
1.4822e-323
2.07229e-317
1.97626e-323
2.76677e-322
2.47033e-323
4.44659e-323
3.45846e-323
6.90182e-310
3.95253e-323
0
4.44659e-323
2.07425e-317
5.43472e-323
0
5.92879e-323
0
6.42285e-323
0
6.91692e-323
0
1.13635e-322
0
1.23516e-322
6.95302e-310
1.5316e-322
6.95302e-310
7.41098e-323
6.95302e-310
0
0
2.39999e-149
8.60694e+141
1.12435e-307
0
0
0
0
0
0
0
0
0
0
0
0
0
0
0
0
0
0
0
0
0
0
0
0
0
0
0
0
0
0
0
0
0
0
0
0
0
0
0
0
0
0
0
0
0
4.02153e-87
6.96414e+252
7.20035e+252
1.54801e+271
1.57916e+151
1.95543e+242
2.54004e-76
8.64667e-13
1.06679e+195
4.68558e-57
8.93866e-13
3.83342e+228
1.50921e+165
1.5882e-23
1.74794e-76
6.2048e+227
1.42276e-23
8.62755e-43
7.14774e-62
4.94186e-13
2.60888e+267
6.20574e+227
2.29767e-28
3.22303e-57
6.61004e-62
1.04482e-12
2.63685e-86
6.61004e-62
5.52711e-13
2.63685e-86
6.61004e-62
1.49957e-12
2.63685e-86
6.61004e-62
7.27532e-14
2.63685e-86
6.61004e-62
2.07219e+161
2.85505e-105
1.42179e-23
8.87775e+281
2.85505e-105
1.42179e-23
5.32169e+280
2.85505e-105
1.42179e-23
2.54571e-76
2.55241e+126
2.85505e-105
6.61004e-62
2.54578e-76
1.26937e+213
1.08845e-71
9.1916e-72
5.11531e+281
2.17096e-28
1.42179e-23
1.56579e-65
2.85505e-105
6.61004e-62
1.49979e-12
2.63685e-86
1.42179e-23
1.50373e-12
2.63685e-86
6.61004e-62
8.36714e-13
2.63685e-86
6.61004e-62
1.04482e-12
2.63685e-86
6.61004e-62
1.04482e-12
2.63685e-86
6.61004e-62
1.50199e-12
2.63685e-86
6.61004e-62
8.93449e-13
2.63685e-86
1.42179e-23
1.49018e-12
2.63685e-86
1.08845e-71
2.53768e-76
2.95549e+203
2.00783e-52
6.64961e-13
2.63685e-86
6.61004e-62
9.33783e-13
2.63685e-86
6.61004e-62
8.35714e-13
2.63685e-86
6.61004e-62
4.94655e-13
2.63685e-86
6.61004e-62
8.36716e-13
2.63685e-86
6.61004e-62
1.90461e+185
2.85675e-105
1.42179e-23
2.50065e+190
2.85675e-105
9.1916e-72
8.43834e+223
2.67583e-28
9.19158e-72
5.53015e+228
2.67583e-28
9.19143e-72
3.62424e+233
2.00783e-52
2.54436e-76
8.31897e+217
2.00783e-52
8.35154e-13
2.63685e-86
6.61004e-62
7.26145e-14
2.63685e-86
6.61004e-62
2.51408e+261
2.85675e-105
1.42179e-23
1.162e-12
2.63685e-86
6.61004e-62
1.27486e-12
2.63685e-86
6.61004e-62
2.54141e-76
1.0057e+242
6.61004e-62
5.52047e-13
2.63685e-86
6.61004e-62
7.22577e-13
2.63685e-86
6.61004e-62
2.54106e-76
3.73035e+174
2.67583e-28
9.19143e-72
3.11873e+267
2.67583e-28
9.19156e-72
1.06823e+190
2.67583e-28
9.19143e-72
7.26102e+271
2.67583e-28
9.19158e-72
1.73655e+190
2.67583e-28
9.19158e-72
1.2077e+161
2.80205e-28
1.33908e-23
1.99633e+161
2.80205e-28
1.40249e-76
6.98003e+199
2.80205e-28
2.54004e-76
8.31897e+217
1.31585e-47
2.52184e-76
8.31897e+217
1.31585e-47
2.53937e-76
1.0057e+242
2.80205e-28
1.40252e-76
7.26102e+271
2.80205e-28
1.40249e-76
4.76445e+233
2.80205e-28
2.53905e-76
4.19454e+06
3.89028e-80
1.76769e+166
3.89028e-80
4.34997e+199
6.87111e+246
2.07591e+243
1.76762e+166
1.35336e-306
4.97481e+151
4.30153e-38
7.12638e+193
3.99731e+252
3.14187e+35
4.97481e+151
4.09903e+59
6.29165e+06
2.09538e+122
2.43716e+232
3.15886e-86
8.81951e+199
3.54915e+59
1.27834e+161
2.00985e-13
4.16848e+199
1.29111e+58
1.95178e+242
2.12113e+88
2.73801e+93
1.95178e+242
7.18517e+73
1.11622e+21
4.34999e+199
2.5153e-91
4.97535e+180
1.17234e+214
6.67997e+91
2.12114e+88
2.19819e+209
1.90647e+45
6.5952e+91
1.44142e-13
6.81268e+246
1.78936e+161
9.54771e-307
0
0
0
0
0
0
0
0
0
0
0
0
0
0
0
0
0
2.12296e-314
1.05917e-310
-nan
5.09311e-313
1.57775e-308
7.20307e-315
4.07802e-320
2.60777e-308
7.20307e-315
9.40413e-316
4.07802e-320
1.55435e-315
2.07508e-321
0
0
0
0
0
0
0
0
0
0
0
0
0
0
0
0
0
0
0
0
0
0
0
0
0
0
0
0
0
0
0
0
0
0
0
0
0
0
0
0
0
0
0
0
0
0
0
0
0
0
0
0
0
0
0
0
0
0
0
0
0
0
0
0
0
0
0
0
0
0
0
0
0
0
0
0
0
0
0
0
0
0
0
0
0
0
0
0
0
0
0
0
0
0
0
0
0
0
0
0
0
0
0
0
0
0
0
0
0
0
0
0
0
0
0
0
0
0
0
0
0
0
0
0
0
0
0
0
0
0
0
0
0
0
0
0
0
0
0
0
0
0
0
0
0
0
0
0
0
0
0
0
0
0
0
0
0
0
0
0
0
0
0
0
0
0
0
0
0
0
0
0
0
0
0
0
0
0
0
0
0
0
0
0
0
0
0
0
0
0
0
0
0
0
0
0
0
0
0
0
0
0
0
0
0
0
0
0
0
0
0
0
0
0
0
0
0
0
0
0
0
0
0
0
0
0
0
0
0
0
0
0
0
0
0
0
0
0
0
0
0
0
0
0
0
0
0
0
0
0
0
0
0
0
0
0
0
0
0
0
0
0
0
0
0
0
0
0
0
0
0
0
0
0
0
0
0
0
0
0
0
0
0
0
0
0
0
0
0
0
0
0
0
0
0
0
0
0
0
0
0
0
0
0
0
0
0
0
0
0
0
0
0
0
0
0
0
0
0
0
0
0
0
0
0
0
0
0
0
0
0
0
0
0
0
0
0
0
0
0
0
0
0
0
0
0
0
0
0
0
0
0
0
0
0
0
0
0
0
0
0
0
0
0
0
0
0
0
0
0
0
0
0
0
0
0
0
0
0
0
0
0
0
0
0
0
0
0
0
0
0
0
0
0
0
0
0
0
0
0
0
0
0
0
0
0
0
0
0
0
0
0
0
0
0
0
0
0
0
0
0
0
0
0
0
0
0
0
0
0
0
0
0
0
0
0
0
0
0
0
0
0
0
0
0
0
0
0
0
0
0
0
0
0
0
0
0
0
0
0
0
0
0
0
0
0
0
0
0
0
0
0
0
0
0
0
0
0
0
0
0
0
0
1.31824e-288
0
1.4822e-323
0
0
0
0
0
0
0
0
0
0
0
0
0
0
0
0
0
0
0
0
0
0
0
0
0
0
0
1.09806e-314
0
3.64556e-304
1.09806e-314
0
0
3.64556e-304
5.47712e-317
0
0
3.65268e-304
4.10945e-317
0
0
