1.73476e+08
1.79741e+08
1.70927e+08
1.74334e+08
1.70589e+08
1.70896e+08
1.70419e+08
1.70425e+08
1.72316e+08
1.70367e+08
1.70395e+08
1.70961e+08
1.70464e+08
1.70397e+08
1.70921e+08
1.70423e+08
1.85362e+08
1.71376e+08
1.70522e+08
1.89757e+08
6.89848e-310
6.89848e-310
0
0
0
0
0
0
6.89848e-310
0
0
0
0
0
0
6.89848e-310
0
0
0
6.8984e-310
0
4.04739e-320
6.8984e-310
0
0
3.11649e-317
6.89848e-310
0
0
0
0
6.89848e-310
2.96439e-323
0
2.02468e-320
6.8984e-310
0
0
0
0
0
0
0
0
0
0
0
0
0
0
0
0
0
0
0
6.95314e-310
6.95321e-310
6.89848e-310
0
2.122e-314
6.95321e-310
6.89848e-310
6.89848e-310
6.89848e-310
2.07425e-317
2.63025e+200
2.07829e-317
0
2.07425e-317
6.95321e-310
2.07829e-317
6.89848e-310
6.89848e-310
6.95321e-310
2.122e-314
2.07461e-317
0
3.59933e-242
2.07425e-317
6.95321e-310
0
0
-1.07548e+242
-3.16847e+232
0
0
0
2.07829e-317
6.95321e-310
4.94066e-324
0
0
2.07425e-317
6.95321e-310
0
2.07427e-317
6.95321e-310
1.38338e-322
4.94066e-324
6.95321e-310
0
6.95321e-310
6.95321e-310
6.95321e-310
6.95321e-310
6.95321e-310
6.95321e-310
6.95321e-310
6.95321e-310
6.95321e-310
6.95321e-310
6.95321e-310
6.95321e-310
6.95321e-310
6.95321e-310
6.95321e-310
6.95321e-310
6.95321e-310
0
1.63042e-322
6.95321e-310
7.90505e-323
1.59085e-314
2.96439e-323
2.02369e-320
8.39912e-323
4.94066e-322
1.4822e-323
2.07229e-317
1.97626e-323
2.76677e-322
2.47033e-323
4.44659e-323
3.45846e-323
6.89848e-310
3.95253e-323
0
4.44659e-323
2.07425e-317
5.43472e-323
0
5.92879e-323
0
6.42285e-323
0
6.91692e-323
0
1.13635e-322
0
1.23516e-322
6.95321e-310
1.5316e-322
6.95321e-310
7.41098e-323
6.95321e-310
0
0
-2.5037e-253
2.24873e-89
1.12435e-307
0
0
0
0
0
0
0
0
0
0
0
0
0
0
0
0
0
0
0
0
0
0
0
0
0
0
0
0
0
0
0
0
0
0
0
0
0
0
0
0
0
0
0
0
0
0
0
0
0
0
0
0
0
0
0
0
0
0
0
0
0
0
0
0
0
0
0
0
0
0
0
0
0
0
0
0
0
0
0
0
0
0
0
0
0
0
0
0
0
0
0
0
0
0
0
0
0
0
0
0
0
0
0
0
0
0
0
0
0
0
0
0
0
0
0
0
0
0
0
0
0
0
0
0
0
0
0
0
0
0
0
0
0
0
0
0
0
0
0
0
0
0
0
0
0
0
0
0
0
0
0
0
0
0
0
0
0
0
0
0
0
0
0
0
0
0
0
0
0
0
0
0
0
0
0
0
0
0
0
0
0
0
0
0
0
0
0
0
0
0
0
0
0
0
0
0
0
0
0
0
0
0
0
0
0
0
0
0
0
0
0
0
0
0
0
0
0
0
0
0
0
0
0
0
0
0
0
0
0
0
0
0
0
0
0
0
0
0
0
0
0
0
0
0
0
0
0
0
0
0
0
0
0
0
0
0
0
0
0
0
0
0
0
0
0
0
0
0
0
0
0
0
0
0
0
0
0
0
0
0
0
0
0
0
0
0
0
0
0
0
0
0
0
0
0
0
0
0
0
0
0
0
0
0
0
0
0
0
0
0
0
0
0
0
0
0
0
0
0
0
0
0
0
0
0
0
0
0
0
0
0
0
0
0
0
0
0
0
0
0
0
0
0
0
0
0
0
0
0
0
0
0
0
0
0
0
0
0
0
0
0
0
0
0
0
0
0
0
0
0
0
0
0
0
0
0
0
0
0
0
0
0
0
0
0
0
0
0
0
0
0
0
0
0
0
0
0
0
0
0
0
0
0
0
0
0
0
0
0
0
0
0
0
0
0
0
0
0
0
0
0
0
0
0
0
0
0
0
0
0
0
0
0
0
0
0
0
0
0
0
0
0
0
0
0
0
0
0
0
0
0
0
0
0
0
0
0
0
0
0
0
0
0
0
0
0
0
0
0
0
0
0
0
0
0
0
0
0
0
0
0
0
0
0
0
0
0
0
0
0
0
0
0
0
0
0
0
0
0
0
0
0
0
0
0
0
0
0
0
0
0
0
0
0
0
0
0
0
0
0
0
0
0
0
0
0
0
0
0
0
0
0
0
0
0
0
0
0
0
0
0
0
0
0
0
0
0
0
0
0
0
0
0
0
0
0
0
0
0
0
0
0
0
0
0
0
0
0
0
0
0
0
0
0
0
0
0
0
0
0
0
0
0
0
0
0
0
0
0
0
0
0
0
0
0
0
0
0
0
0
0
0
0
0
0
0
0
0
0
0
0
0
0
0
0
0
0
0
0
0
0
0
0
0
0
0
0
0
0
0
0
0
0
0
0
0
0
0
0
0
0
0
0
0
0
0
0
0
0
0
0
0
0
0
0
0
0
0
0
0
0
0
0
0
0
0
0
0
0
0
0
0
0
0
0
0
0
0
0
0
0
0
0
0
0
0
0
0
0
0
0
0
0
0
0
0
0
0
0
0
0
0
0
0
0
0
0
0
0
0
0
0
0
0
0
0
0
0
0
0
0
0
0
0
0
0
0
0
0
0
0
0
0
0
0
0
0
0
0
0
0
0
0
0
0
0
0
5.22412e+257
4.38501e+96
1.1445e+243
3.92484e+59
2.54343e-76
6.61004e-62
1.42179e-23
1.4025e-76
6.60911e-62
1.42179e-23
9.1915e-72
4.68244e-57
2.16948e-28
4.67485e-62
4.69118e-57
2.16948e-28
1.14505e-71
4.33134e-57
1.34005e-23
1.66161e-76
7.16292e-62
1.16245e-12
8.97144e+271
2.85547e-105
1.42179e-23
4.25735e+281
2.85505e-105
1.42179e-23
5.76253e+204
2.85505e-105
1.42179e-23
1.7168e+161
2.85505e-105
1.42179e-23
1.92882e+195
2.85505e-105
9.19138e-72
2.71747e+214
2.17096e-28
9.1916e-72
7.32629e+281
2.17096e-28
9.1916e-72
1.25248e+200
2.17096e-28
6.61004e-62
9.19132e-72
3.66315e+281
2.85505e-105
6.61004e-62
1.50334e-12
2.63685e-86
1.08845e-71
2.5421e-76
7.96799e+270
2.17096e-28
9.19098e-72
3.30011e+281
2.85505e-105
1.42179e-23
3.34975e+281
2.17096e-28
1.42179e-23
9.85475e+165
2.85505e-105
1.42179e-23
9.28975e+242
2.85505e-105
1.42179e-23
9.27933e+242
2.85505e-105
1.42179e-23
9.30642e+242
