1.44966e+09
1.88111e+07
1.67191e+07
1.6684e+07
1.70769e+07
1.66546e+07
1.66574e+07
1.66595e+07
1.66548e+07
1.67382e+07
6.93359e-310
6.93359e-310
0
0
0
0
0
0
6.93359e-310
0
0
0
0
0
0
4.94066e-324
0
0
0
0
0
4.04739e-320
0
0
0
0
6.93359e-310
0
0
0
0
6.93359e-310
2.96439e-323
0
2.02468e-320
0
0
0
0
0
0
0
0
0
0
0
0
0
0
0
0
0
0
0
0
3.95253e-323
6.95331e-310
6.93359e-310
0
1.42291e-321
6.95331e-310
6.93359e-310
6.93359e-310
6.93359e-310
-5.15669e-218
3.32865e+194
-1.80136e+32
5.99337e-239
2.31124e+156
4.6014e-167
2.2912e-291
-3.84885e+203
1.02052e-118
-1.06891e+43
-2.7294e-287
-2.2793e+235
7.8565e+234
-2.61123e-152
-9.22183e+25
4.97658e-191
1.33996e+93
-8.3701e+49
-16902.2
1.75295e-164
1.6071e-07
7.35391e-221
-8.44031e+32
-4.29004e+302
-8.84502e-19
5.32466e+173
1.75513e-199
1.48488e-179
7.7882e-293
-1.32311e-245
-1.20551e-112
8.86166e-294
1.63836e-44
-3.39402e+92
1.59176e+227
1.29534e+50
-1.45335e+228
-1.75039e-84
2.20358e-278
9.53412e+201
-374.289
3.87052e+182
2.21834e-136
-2.70551e+150
-4.85748e+11
7.86555e-166
6.32967e-21
1.25084e+16
-4.64217e-21
-1.51215e+30
3.19798e+171
-1.38582e+219
3.55131e+260
-3.18194e+277
-1.89176e+62
-2.81073e-276
-1.85417e-105
-4.44074e-278
-1.71548e+304
-1.89452e+06
-1.93621e-100
-3.49039e-102
-1.43563e+200
-9.04932e+58
-1.49429e-215
-1.21029e-250
-5.31244e+259
6.89434e+186
-7.33247e+74
2.1248e+237
5.68694e+221
-7.42688e+49
-4.11186e-124
-8.29085e-212
9.20081e+78
-1.48617e-261
-2.23143e+233
-1.58324e-218
-7.70263e+196
-1.32224e+186
1.09017e+136
-2.38088e+214
1.39434e+288
9.31189e-26
9.37918e-252
-1.20958e+250
-1.2446e-08
-7.27294e-206
-1.72946e+197
-5.3496e+281
-1.89177e+230
4.47738e-265
2.17186e-240
-4.00023e-41
-1.74439e+234
-1.90095e-62
7.00993e-56
-7.04517e+127
3.43369e+243
4.38142e-284
-4.06303e-53
1.53542e+06
1.86329e-132
3.09168e+98
5.9256e+46
5.37812e+259
-8.09453e+161
1.40568e+68
-9.1113e+06
2.59448e+160
1.22911e-287
6.66026e+40
3.75264e-41
-5.52013e+177
-1.25965e+236
-2.34098e+89
-2.09699e-151
-3.69627e+232
1.76812e-220
2.26783e-242
4.75831e+173
1.17943e+25
-2.87175e-181
2.13781e-289
-3.63473e+188
2.9215e-167
6901.79
1.51811e+215
1.89958e+211
-1.2991e-245
7.46764e-224
1.5999e+242
1.22331e+109
-2.84175e-49
4.60546e-108
-3.27702e-304
6.82441e+55
-2.42025e-212
-6.88366e-121
-6.35913e-278
6.89779e-62
-1.62236e-172
-1.28911e+254
3.98904e-80
-1.29302e-242
3.82622e+232
-8.05606e+307
4.94965e+282
1.26388e-289
7.14497e+199
-8.05111e-288
9.99347e-227
-1.34952e-50
-4.01163e-137
-2.40049e+150
-1.46287e-10
2.52859e-100
-3.47141e+268
-2.06391e-53
-4.04346e-91
6.5531e+177
1.39463e+120
-2.53967e-248
6.8946e+29
8.84219e+32
1.77448e-176
9.84866e+30
-5.14751e+19
-3.07186e+33
7.50818e-98
6.50202e+51
1.00497e-168
-9.14267e+39
6.00551e-142
1.85761e-288
3.63527e-237
5.62574e-266
-1.93349e-227
-2.62135e+218
4.35849e-24
3.87318e+194
-6.16442e+13
6.90227e-302
-5.10284e+89
-2.34887e-146
-1.12898e-156
-4.80386e-194
3.75113e-222
4.96432e+27
2.08877e+27
-2.10512e-98
1.31851e+116
6.73682e+106
2.22065e-284
6.74904e-183
1.09595e-197
-5.79606e-291
-4.84193e+305
-5.63204e+185
4.08288e+135
1.91539e-306
1.38529e-297
2.58532e+236
1.25255e-132
7.59942e-199
1.03801e-125
-4.96251e+47
4.57653e-24
2.3359e-68
-1.9042e-116
3.12886e-229
-8.82733e-251
-5.30229e+15
-6.60007e-178
2.68137e-106
-4.35334e+76
3.31111e-220
3.23795e+263
7.72133e+63
3.04537e-270
-3.10603e+141
3.24242e-146
-9.18872e-302
9.34421e+307
-2.14552e+263
2.02086e-26
1.97099e+77
9.62927e-36
1.76318e-72
1.25847e+248
8.22909e+269
1.26491e+14
-2.33182e+167
2.28075e+267
9.5204e+133
5.29022e+79
4.51228e-139
-7.82329e+165
4.76779e-244
-3.08074e-304
1.69796e-87
6.10158e-79
-4.76643e-184
-6.0428e-75
1.85586e-233
-9.839e+70
2.47616e-142
-1.47654e+78
-2.42362e-109
2.50038e+287
-6.32143e+136
-2.09964e-303
8.59796e-85
-8.23157e-134
-6.24658e-137
-1.6672e-79
8.92299e+240
-6.0125e+53
2.26356e+92
4.26968e-234
-1.87709e-180
-4.24211e-127
1.52333e+63
-1.04691e+58
2.10345e+250
9.69363e-194
-6.45916e+22
-2.96458e+180
1.02635e+78
-986.791
4.01413e+24
2.64081e-78
-2.56623e+216
-6.6142e+218
-2.99221e-278
3.8568e-149
3.94821e+260
-4.24512e-107
2.02698e+301
5.35278e+38
6.74371e-65
-7.69429e+284
-0.00239757
3.92638e+219
1.2374e-302
1.2921e-256
2.86176e+225
-2.92153e+79
-2.47959e-32
1.7257e+203
3.51682e+177
3.14749e-259
-0.000211692
-1.23025e+79
2.35104e+71
5.46128e+90
-8.77906e-297
-9.42608e-158
-4.16394e+153
-4.45641e-65
-1.16412e-160
-4.68775e-154
-2.32456e-256
5.74823e+138
6.65495e+298
1.21547e+206
2.17095e+252
4.40216e-84
-6.15235e-183
-2.22485e+286
1.05683e-193
1.14235e-85
-4.02348e-19
-5.71596e-185
3.73765e-51
-1.3553e-181
-2.54437e-155
4.25847e+74
4.34415e+64
-1.53439e+134
2.81572e+265
1.10511e-192
2.62508e-39
8.72568e-14
-9.6434e+91
3.10917e+218
2.54029e+84
2.77854e+241
-5.59926e+36
1.4084e-186
-7.82813e-192
-5.52601e+198
-4.06451e-186
1.02159e+270
-6.02156e+172
2.07496e-249
1.92523e+28
9.50125e-10
-4.88909e+240
-1.01293e-123
-3.54802e+96
-1.51851e-290
1.70164e-151
7.80769e-42
7.4584e-27
-9.68412e+13
-1.53452e-18
-2.55816e-97
1.64813e-167
6.0513e-191
1.52714e+246
-1.1271e-223
-2.28388e+165
8.06186e+221
1.0739e-68
-2.40095e+228
-1.44266e+230
-4.60465e+306
1.96995e+16
-1.3741e+101
-5.79157e-297
-2.35402e-284
-5.57811e+270
-1.08585e-236
3.1854e+265
1.14111e+87
-2.08166e+210
6.5719e+23
-2.51536e-178
3.40608e-32
8.52178e+213
3.13239e-45
-1.8738e-97
-1.37712e-151
1.26119e+60
1.49962e+234
-6.4845e-210
-8.59647e-38
1.74416e+163
-3.72408e+107
2.82815e-235
-9.12088e-214
-3.20581e-62
6.24143e-308
8.18455e+141
-5.09198e+291
-1.78593e+223
-3.37489e-115
5.47917e-129
-6.90527e+249
-5.20156e-132
2.94772e-213
-3.89175e-211
-7.12913e-248
4.84824e-168
2.2032e+154
-5.16313e+60
1.06066e-206
1.526e+166
-1.24969e+175
1.30038e+19
6.30473e-17
2.15228e-82
-5.23754e-296
8.77589e+132
7.371e+300
-3.3544e+210
6.88007e-285
9.40328e-217
1.49175e-19
-5.87187e-39
-9.26837e-134
9.63367e-295
-4.13822e-90
-4.0444e+94
4.2115e+117
-6.45685e-277
-4.49011e-110
2.30919e-177
-1.06285e+191
1.42413e-265
1.29713e+17
-1.5217e-292
1.49584e-135
-2.90981e-273
-8.82776e+70
-1.34635e+79
9.77603e+293
-4.42675e-220
-2.25015e+60
1.03314e-263
-1.28343e+288
5.90819e-200
4.17212e+273
4.04093e+76
1.1637e-206
-3.17689e-74
-3.04449e+136
7.96261e+77
-3.40357e-70
4.06722e-304
8.40151e+179
-8.69003e+285
-1.76716e-169
-2.56714e-32
-8.27843e-22
7.07046e+94
-6.32438e-18
-1.61531e-67
-3.77067e-267
-1.77645e-307
3.8207e+248
-9.94285e-58
9.71552e-201
2.22632e+179
1.12309e+191
1.92432e-285
7.83351e+31
2.83546e+172
2.91172e+128
-1.06399e+98
3.19242e-87
-5.96764e+134
-7.30207e-116
-9.59164e-09
7.50882e-308
3.13557e+47
5.6726e+140
-1.21177e+282
-6.96688e+132
-1.80991e-221
7.77595e+283
-2.6745e+147
-2.33981e-98
-2.70422e-258
4.41016e+215
-2.99614e-90
1.10242e-294
1.52226e+123
1.4047e-151
-1.63214e-240
-2.40967e+303
4.60981e+143
4.89017e-09
2.85734e+281
-2.21361e-55
-6.19848e+43
-3.01367e+256
-5.25565e-297
-2.92559e+77
-8.82558e+111
3.28739e+25
1.6819e+227
-3.84518e-146
1.92898e-68
4.1962e-49
-8.97822e-128
7.11448e+176
-1.07582e+284
-1.07535e+163
2.40411e+235
-4.47037e+161
-6.25044e-269
4.27239e-222
-1.36174e+11
-5.69961e-251
2.01608e+272
5.76578e+110
-8.38182e+283
1.17457e-39
-7.41773e-285
-6.62461e-259
6.51425e-177
-2.60629e+260
2.41934e+17
-1.18529e+12
2.11607e+46
-1.58152e+85
-7.25025e-162
2.38804e+304
-3.71847e-165
-3.82478e+207
1.049e+96
8.99826e-232
7.87598e+186
2.6626e+306
-2.98452e-121
-2.2595e+113
-8.98481e+182
-9.75427e+238
4.30531e-138
-1.04763e-127
-1.48208e+66
-1.93593e+115
-408110
9.29196e-191
-1.30004e-186
2.98876e-282
-1.32708e+239
-1.88498e-44
-1.01259e-222
-4.98766e-61
-2.78905e-232
7.7658e+274
7.52804e+237
-8.15155e-58
-1.83964e-276
2.01656e+249
-1.0665e-60
-9.25908e+278
-8.03366e+170
2.69074e+112
4.48511e+87
2.69139e+23
-3.17624e-131
-1.39817e-108
1.28035e+10
-5.31909e+44
3.03642e-206
1.02282e-149
-5.21394e+46
-1.42235e-144
-1.22411e-241
-4.3689e+247
1.01162e+253
-2.66369e+261
1.04198e-96
3.17573e-214
1.55946e+63
-5.69502e-101
8.96553e-56
3.79624e+16
1.89054e-189
2.33743e-278
-8.68278e-167
3.73742e-244
-5.73178e-145
-2.10091e+304
1.62053e+190
-7.50256e-236
4.14112e-129
-6.38288e+295
9.62239e+166
-1.38636e+112
3.02935e+188
-1.11882e-181
7.81695e+07
-9.67656e+60
-1.46764e-186
8.30256e-92
7.75536e-157
3.27732e+30
-5.0077e+47
1.23387e+131
1.45962e-201
1.09461e+190
9.93634e-210
7.1662e+272
1.14514e+27
9.06551e-101
-4.93798e+15
4.15337e-300
2.67447e-79
-5.79541e+123
1.31684e-281
4.7523e+82
1.34157e-218
6.05509e-07
1.12689e-89
-1.31564e-102
2.35781e+116
-2.61277e+135
2.82411e-70
-6.51164e+143
-3.52326e-128
6.05052e+252
2.12918e-131
-9.22417e+238
-1.95486e-132
1.29259e+09
-5.20262e+126
1.04385e+183
1.11299e+117
-1.35825e+287
-2.35096e+20
-1.761e+205
-2.08426e-109
2.04455e+177
9.72393e-16
1.3278e+88
-1.36597e-160
-8.96067e-129
-5.88414e+240
-1.99289e-233
-1.31563e+201
-2.21438e+287
2.20009e+162
3.43939e+187
-1.7954e+136
-2.47078e+197
-6.62169e-127
-2.43188e-256
2.60266e-286
-1.8846e-234
-3.05997e-251
1.2356e-60
-6.01563e-156
-5.32177e+11
-1.97001e-101
2.28415e+90
3.92241e+183
-1.0092e-75
-1.66706e-301
3.45009e+80
2.47862e+154
2.31215e-199
6.31227e-300
-1.14883e-88
1.97255e+295
5.10526e-116
-0.000278807
-5.114e-185
6.24807e+21
-1.08989e+81
6.66683e-161
-7.76301e-107
-2.75859e-185
4.8801e-241
4.73209e-30
-8.06613e-261
-3.22593e-269
-1.51675e+229
-1.23578e+160
0.0129171
1.72799e+169
1.18753e-259
-1.04182e+85
-1.23955e-99
-1.33677e+281
1.8491e+65
-9.25272e-240
1.41262e+115
-6.37848e-183
6.6322e-56
-1.55565e+53
1.49903e-146
4.75401e+101
9.56271e-257
-1.33513e-122
-1.63274e+89
3.31652e-280
-1.71567e-106
3.74607e+171
-1.66505e+54
-1.77302e-127
5.16268e-202
-2.44667e-49
1.80479e+20
1.81255e-06
5.50844e-294
2.83712e+103
-3.03464e-34
-1.59553e+269
2.14276e+250
-2.6404e+09
9.75602e+11
4.51179e+46
1.91316e-140
-2.08827e+245
1.37396e+170
5.87184e-250
-5.80448e-279
6.35802e+146
-7.0588e-137
-6.52929e-30
-4.22163e+241
-5.28483e-173
-3.98355e-202
4.58445e+188
-1.57573e-234
1.20045e-66
-1.44487e+186
6.77246e+62
-5.53061e-15
2.66919e+88
6.86154e-134
5.93928e-298
1.46284e-261
-1.49172e-261
1.89017e-137
-3741.26
-1.37254e-146
1.35637e-42
-5.27138e+116
-2.58621e-187
-1.15767e+246
-5.09638e+284
-8.26297e+288
0.000428821
-1.7409e+77
1.97383e+225
8.01186e+277
4.10956e+238
2.99613e+102
5.83863e+49
1.06951e-58
-3.88524e+134
-2.51052e+32
-4.06708e-142
-1.57855e+122
1.96137e-281
6.58518e-143
-6.62481e-198
1.79843e+124
1.31371e+172
1.77624e-140
-6.96979e-169
6.91267e+112
1.96671e+293
2.587e-287
-5.52965e-124
-7.67254e+71
1.542e-196
6.08513e-33
-1.44206e-210
-3.93e+47
-1.08104e-261
7.34614e+260
-6.0566e+287
-1.60462e-250
4.31213e-125
3.78474e-75
1.24628e+248
1.78357e-06
2.29235e+255
-4.30565e+59
2.60057e+190
-1.8863e+153
-8.8052e-81
1.49337e-270
-6.93201e-87
6.66551e+144
-3.20411e+49
-1.05464e+195
-1.75305e+149
3.73456e-219
-1.13412e-74
-7.1976e-115
5.89161e-230
1.73658e-285
6.47775e-150
8.68665e+294
-1.74064e+11
-2.35135e+169
2.78155e+292
-1.17014e+89
-9.50489e+208
-2.12308e+97
8.47635e-162
7.13582e-71
-1.55581e+187
-1.07355e-74
-6.39362e+173
-9.23899e-36
7.89846e-161
-7.77199e+74
7.95549e-168
1.09653e-85
1.57341e+295
4.98322e-57
-1.37389e-80
-1.31632e-298
-1.95143e-88
-3.56149e+52
3.29418e+118
1.31994e+23
-7.74869e+238
3.87794e-31
-3.58434e+273
-3.06191e+199
1.04347e-170
2.17417e-72
3.82372e+40
1.52217e+79
1.75183e-227
-3.67602e+110
1.0896e-20
-4.27631e+111
-6.32923e+227
-2.42926e-163
2.39096e-220
2.11728e-139
1.6769e+292
-9.34847e+188
-3.73252e+175
-4.02439e-258
2.36056e+214
-1.52676e-245
-1.2222e-32
-5.33685e+72
-2.48264e+08
7.447e+205
-7.24938e+26
1.57966e-104
-2.69493e-45
2.41332e+303
-1.99459e+114
4.61336e+19
9.78449e-157
3.36184e-226
-1.18822e+118
-1.72284e+246
-2.32739e+70
-1.25108e+192
-2.46429e+100
1.75754e+46
1.36993e+299
-1.30657e+171
1.55444e+195
-3.27012e-176
4.93387e-57
1.59448e+81
1.55007e-266
-5.20698e+193
-2.29833e+234
2.44727e+154
7.11509e+166
2.7887e+278
-7.25588e+258
2.2883e-234
-2.37233e+269
6.4624e-138
-1.82894e-158
-1.16452e+57
-2.17659e+36
1.62382e+195
3.39022e-299
2.25768e-257
3.19684e+164
9.95573e+29
1.74165e+182
2.05268e+218
-1.57525e-266
2.46365e-42
-5.49921e+159
4.05173e-16
2.70444e+168
-2.53046e-175
2.06531e-248
2.64001e+254
-2.38241e-138
-1.29158e+81
2.90432e-229
-7.16399e-43
5.27565e-101
-1.79161e+203
1.62975e+23
-3.97226e+213
1.86782e-102
-1.37851e-182
-3.9132e-244
8.79087e-298
8.90511e+286
-8.61486e-272
9.16803e+107
3.09358e-282
1.45725e-16
2.60362e-141
6.16109e+201
2.84121e+160
-4.2773e+20
-1.28803e+180
1.07566e+230
4.519e-66
-1.46081e-60
-1.44378e-192
-2.64383e+303
-7.56959e-234
-2.53893e-75
-3.35189e+203
9.28246e-234
7.11232e+142
-8.48841e+298
2.6586e+282
-3.66179e+279
4.76698e+247
