2.01393e+09
1.95583e+09
1.86295e+09
1.92511e+09
2.02025e+09
1.90335e+09
1.94582e+09
1.85736e+09
1.84142e+09
1.97922e+09
1.81809e+09
1.92773e+09
1.85074e+09
1.97928e+09
1.97329e+09
1.96834e+09
1.99721e+09
1.84646e+09
1.98951e+09
1.84511e+09
6.93712e-310
6.93712e-310
0
0
0
0
0
0
6.93712e-310
0
0
0
0
0
0
6.93712e-310
0
0
0
6.93702e-310
0
4.04739e-320
6.93702e-310
0
0
3.11649e-317
6.93712e-310
0
0
0
0
6.93712e-310
2.96439e-323
0
2.02468e-320
6.93702e-310
0
0
0
0
0
0
0
0
0
0
0
0
0
0
0
0
0
0
0
6.95272e-310
6.95285e-310
6.93712e-310
0
2.122e-314
6.95285e-310
6.93712e-310
6.93712e-310
6.93712e-310
2.07439e-317
-8.05329e-286
2.07857e-317
0
2.07439e-317
6.95285e-310
2.07857e-317
6.93712e-310
6.93712e-310
6.95285e-310
2.122e-314
2.07476e-317
0
-4.56654e+169
2.07439e-317
6.95285e-310
0
0
8.05897e-170
2.49034e-172
0
0
0
2.07857e-317
6.95285e-310
4.94066e-324
0
0
2.07439e-317
6.95285e-310
0
2.07441e-317
6.95285e-310
1.38338e-322
4.94066e-324
6.95285e-310
0
6.95285e-310
6.95285e-310
6.95285e-310
6.95285e-310
6.95285e-310
6.95285e-310
6.95285e-310
6.95285e-310
6.95285e-310
6.95285e-310
6.95285e-310
6.95285e-310
6.95285e-310
6.95285e-310
6.95285e-310
6.95285e-310
6.95285e-310
0
1.63042e-322
6.95285e-310
7.90505e-323
1.59085e-314
2.96439e-323
2.02369e-320
8.39912e-323
4.94066e-322
1.4822e-323
2.07229e-317
1.97626e-323
2.76677e-322
2.47033e-323
4.44659e-323
3.45846e-323
6.93712e-310
3.95253e-323
0
4.44659e-323
2.07439e-317
5.43472e-323
0
5.92879e-323
0
6.42285e-323
0
6.91692e-323
0
1.13635e-322
0
1.23516e-322
6.95285e-310
1.5316e-322
6.95285e-310
7.41098e-323
6.95285e-310
0
0
-7.2085e-07
7.26274e+122
1.12435e-307
0
0
0
0
0
0
0
0
0
0
0
0
0
0
0
0
0
0
0
0
0
0
0
0
0
0
0
0
0
0
0
0
0
0
0
0
0
0
0
0
0
0
0
0
0
0
0
0
0
0
0
0
0
0
0
0
0
0
0
0
0
0
0
0
0
0
0
0
0
0
0
0
0
0
0
0
0
0
0
0
0
0
0
0
0
0
0
0
0
0
0
0
0
0
0
0
0
0
0
0
0
0
0
0
0
0
0
0
0
0
0
0
0
0
0
0
0
0
0
0
0
0
0
0
0
0
0
0
0
0
0
0
0
0
0
0
0
0
0
0
0
0
0
0
0
0
0
0
0
0
0
0
0
0
0
0
0
0
0
0
0
0
0
0
0
0
0
0
0
0
0
0
0
0
0
0
0
0
0
0
0
0
0
0
0
0
0
0
0
0
0
0
0
0
0
0
0
0
0
0
0
0
0
0
0
0
0
0
0
0
0
0
0
0
0
0
0
0
0
0
0
0
0
0
0
0
0
0
0
0
0
0
0
0
0
0
0
0
0
0
0
0
0
0
0
0
0
0
0
0
0
0
0
0
0
0
0
0
0
0
0
0
0
0
0
0
0
0
0
0
0
0
0
0
0
0
0
0
0
0
0
0
0
0
0
0
0
0
0
0
0
0
0
0
0
0
0
0
0
0
0
0
0
0
0
0
0
0
0
0
0
0
0
0
0
0
0
0
0
0
0
0
0
0
0
0
0
0
0
0
0
0
0
0
0
0
0
0
0
0
0
0
0
0
0
0
0
0
0
0
0
0
0
0
0
0
0
0
0
0
0
0
0
0
0
0
0
0
0
0
0
0
0
0
0
0
0
0
0
0
0
0
0
0
0
0
0
0
0
0
0
0
0
0
0
0
0
0
0
0
0
0
0
0
0
0
0
0
0
0
0
0
0
0
0
0
0
0
0
0
0
0
0
0
0
0
0
0
0
0
0
0
0
0
0
0
0
0
0
0
0
0
0
0
0
0
0
0
0
0
0
0
0
0
0
0
0
0
0
0
0
0
0
0
0
0
0
0
0
0
0
0
0
0
0
0
0
0
0
0
0
0
0
0
0
0
0
0
0
0
0
0
0
0
0
0
0
0
0
0
0
0
0
0
0
0
0
0
0
0
0
0
0
0
0
0
0
0
0
0
0
0
0
0
0
0
0
0
0
0
0
0
0
0
0
0
0
0
0
0
0
0
0
0
0
0
0
0
0
0
0
0
0
0
0
0
0
0
0
0
0
0
0
0
0
0
0
0
0
0
0
0
0
0
0
0
0
0
0
0
0
0
0
0
0
0
0
0
0
0
0
0
0
0
0
0
0
0
0
0
0
0
0
0
0
0
0
0
0
0
0
0
0
0
0
0
0
0
0
0
0
0
0
0
0
0
0
0
0
0
0
0
0
0
0
0
0
0
0
0
0
0
0
0
0
0
0
0
0
0
0
0
0
0
0
0
0
0
0
0
0
0
0
0
0
0
0
0
0
0
0
0
0
0
0
0
0
0
0
0
0
0
0
0
0
0
0
0
1.97666e-81
4.38611e+96
1.1445e+243
3.92484e+59
2.54343e-76
6.61004e-62
1.42179e-23
1.4025e-76
6.60911e-62
1.42179e-23
9.1915e-72
4.68244e-57
2.16948e-28
4.67485e-62
4.69118e-57
2.16948e-28
1.14505e-71
4.33134e-57
1.34005e-23
1.66161e-76
7.16292e-62
1.16245e-12
8.97144e+271
2.85547e-105
1.42179e-23
4.25735e+281
2.85505e-105
1.42179e-23
5.76253e+204
2.85505e-105
1.42179e-23
1.7168e+161
2.85505e-105
1.42179e-23
1.92882e+195
2.85505e-105
9.19138e-72
2.71747e+214
2.17096e-28
9.1916e-72
7.32629e+281
2.17096e-28
9.1916e-72
1.25248e+200
2.17096e-28
6.61004e-62
9.19132e-72
3.66315e+281
2.85505e-105
6.61004e-62
1.50334e-12
2.63685e-86
1.08845e-71
2.5421e-76
7.96799e+270
2.17096e-28
9.19098e-72
3.30011e+281
2.85505e-105
1.42179e-23
3.34975e+281
2.17096e-28
1.42179e-23
9.85475e+165
2.85505e-105
1.42179e-23
9.28975e+242
2.85505e-105
1.42179e-23
9.27933e+242
2.85505e-105
1.42179e-23
9.30642e+242
2.85505e-105
1.42179e-23
2.513e+180
2.85505e-105
1.42179e-23
7.83985e+199
2.17096e-28
1.42179e-23
1.50328e-12
2.63685e-86
6.61004e-62
6.6618e-13
2.63685e-86
1.42179e-23
2.1588e+185
2.85675e-105
1.42179e-23
8.1359e+218
2.85675e-105
1.42179e-23
1.45068e+219
2.85675e-105
1.42179e-23
8.14969e+218
2.85675e-105
1.42179e-23
2.16312e+185
2.85675e-105
9.19143e-72
9.35803e+223
2.67583e-28
9.19144e-72
3.77479e+262
2.00783e-52
2.53938e-76
2.34158e+232
2.00783e-52
2.54444e-76
8.31897e+217
2.00783e-52
6.64961e-13
2.63685e-86
6.61004e-62
1.27441e-12
2.63685e-86
1.42179e-23
1.03404e+219
2.85675e-105
1.42179e-23
2.51252e+261
2.85675e-105
9.19156e-72
8.40707e+228
2.67583e-28
1.42179e-23
4.21761e+262
2.85675e-105
1.42179e-23
3.29384e+185
