1.50699e+09
1.47253e+09
1.46471e+09
1.59825e+09
1.27245e+09
1.35581e+09
1.39209e+09
1.37431e+09
1.36631e+09
1.36668e+09
6.90766e-310
6.90766e-310
0
0
0
0
0
0
6.90766e-310
0
0
0
0
0
0
6.90766e-310
0
0
0
6.90752e-310
0
4.04739e-320
6.90752e-310
0
0
3.11851e-317
6.90766e-310
0
0
0
0
6.90766e-310
2.96439e-323
0
2.02468e-320
6.90752e-310
0
0
0
0
0
0
0
0
0
0
0
0
0
0
0
0
0
0
0
6.95272e-310
6.95276e-310
6.90766e-310
0
2.122e-314
6.95276e-310
6.90766e-310
6.90766e-310
6.90766e-310
2.07439e-317
-4.74184e-149
2.07859e-317
0
2.07439e-317
6.95276e-310
2.07859e-317
6.90766e-310
6.90766e-310
6.95276e-310
2.122e-314
2.07476e-317
0
-2.75744e+129
2.07439e-317
6.95276e-310
0
0
1.95755e-129
2.6951e-132
0
0
0
2.07859e-317
6.95276e-310
4.94066e-324
0
0
2.07439e-317
6.95276e-310
0
2.07441e-317
6.95276e-310
1.38338e-322
4.94066e-324
6.95276e-310
0
6.95276e-310
6.95276e-310
6.95276e-310
6.95276e-310
6.95276e-310
6.95276e-310
6.95276e-310
6.95276e-310
6.95276e-310
6.95276e-310
6.95276e-310
6.95276e-310
6.95276e-310
6.95276e-310
6.95276e-310
6.95276e-310
6.95276e-310
0
1.63042e-322
6.95276e-310
7.90505e-323
1.59085e-314
2.96439e-323
2.02369e-320
8.39912e-323
4.94066e-322
1.4822e-323
2.07229e-317
1.97626e-323
2.76677e-322
2.47033e-323
4.44659e-323
3.45846e-323
6.90766e-310
3.95253e-323
0
4.44659e-323
2.07439e-317
5.43472e-323
0
5.92879e-323
0
6.42285e-323
0
6.91692e-323
0
1.13635e-322
0
1.23516e-322
6.95276e-310
1.5316e-322
6.95276e-310
7.41098e-323
6.95276e-310
0
0
3.86378e-138
-5.29179e+163
1.12435e-307
0
0
0
0
0
0
0
0
0
0
0
0
0
0
0
0
0
0
0
0
0
0
0
0
0
0
0
0
0
0
0
0
0
0
0
0
0
0
0
0
0
0
0
0
0
0
0
0
0
0
0
0
0
0
0
0
0
0
0
0
0
0
0
0
0
0
0
0
0
0
0
0
0
0
0
0
0
0
0
0
0
0
0
0
0
0
0
0
0
0
0
0
0
0
0
0
0
0
0
0
0
0
0
0
0
0
0
0
0
0
0
0
0
0
0
0
0
0
0
0
0
0
0
0
0
0
0
0
0
0
0
0
0
0
0
0
0
0
0
0
0
0
0
0
0
0
0
0
0
0
0
0
0
0
0
0
0
0
0
0
0
0
0
0
0
0
0
0
0
0
0
0
0
0
0
0
0
0
0
0
0
0
0
0
0
0
0
0
0
0
0
0
0
0
0
0
0
0
0
0
0
0
0
0
0
0
0
0
0
0
0
0
0
0
0
0
0
0
0
0
0
0
0
0
0
0
0
0
0
0
0
0
0
0
0
0
0
0
0
0
0
0
0
0
0
0
0
0
0
0
0
0
0
0
0
0
0
0
0
0
0
0
0
0
0
0
0
0
0
0
0
0
0
0
0
0
0
0
0
0
0
0
0
0
0
0
0
0
0
0
0
0
0
0
0
0
0
0
0
0
0
0
0
0
0
0
0
0
0
0
0
0
0
0
0
0
0
0
0
0
0
0
0
0
0
0
0
0
0
0
0
0
0
0
0
0
0
0
0
0
0
0
0
0
0
0
0
0
0
0
0
0
0
0
0
0
0
0
0
0
0
0
0
0
0
0
0
0
0
0
0
0
0
0
0
0
0
0
0
0
0
0
0
0
0
0
0
0
0
0
0
0
0
0
0
0
0
0
0
0
0
0
0
0
0
0
0
0
0
0
0
0
0
0
0
0
0
0
0
0
0
0
0
0
0
0
0
0
0
0
0
0
0
0
0
0
0
0
0
0
0
0
0
0
0
0
0
0
0
0
0
0
0
0
0
0
0
0
0
0
0
0
0
0
0
0
0
0
0
0
0
0
0
0
0
0
0
0
0
0
0
0
0
0
0
0
0
0
0
0
0
0
0
0
0
0
0
0
0
0
0
0
0
0
0
0
0
0
0
0
0
0
0
0
0
0
0
0
0
0
0
0
0
0
0
0
0
0
0
0
0
0
0
0
0
0
0
0
0
0
0
0
0
0
0
0
0
0
0
0
0
0
0
0
0
0
0
0
0
0
0
0
0
0
0
0
0
0
0
0
0
0
0
0
0
0
0
0
0
0
0
0
0
0
0
0
0
0
0
0
0
0
0
0
0
0
0
0
0
0
0
0
0
0
0
0
0
0
0
0
0
0
0
0
0
0
0
0
0
0
0
0
0
0
0
0
0
0
0
0
0
0
0
0
0
0
0
0
0
0
0
0
0
0
0
0
0
0
0
0
0
0
0
0
0
0
0
0
0
0
0
0
0
0
0
0
0
0
0
0
0
0
0
0
0
0
0
0
0
0
0
0
0
0
0
0
0
0
0
0
0
0
0
0
0
0
0
0
0
0
0
0
0
0
0
0
0
0
0
0
0
0
0
0
0
0
0
0
0
0
0
0
0
0
0
0
0
0
0
0
0
0
0
0
0
0
0
0
0
0
0
0
0
0
0
0
0
0
0
0
0
0
0
0
0
0
0
0
0
0
0
0
0
0
0
0
0
0
0
0
0
0
0
0
0
0
0
0
0
0
0
0
0
0
0
0
0
0
0
0
0
0
0
0
0
0
0
0
0
0
0
0
0
0
0
0
0
0
0
0
0
0
0
0
0
0
0
0
0
0
0
0
0
0
0
0
0
0
0
0
