1.88417e+09
2.58106e+07
2.35703e+07
2.157e+07
2.34993e+07
2.15645e+07
2.32482e+07
3.27811e+07
2.23938e+07
2.276e+07
6.94928e-310
6.94928e-310
0
0
0
0
0
0
6.94928e-310
0
0
0
0
0
0
4.94066e-324
0
0
0
0
0
4.04739e-320
0
0
0
0
6.94928e-310
0
0
0
0
6.94928e-310
2.96439e-323
0
2.02468e-320
0
0
0
0
0
0
0
0
0
0
0
0
0
0
0
0
0
0
0
0
3.95253e-323
6.95284e-310
6.94928e-310
0
1.42291e-321
6.95284e-310
6.94928e-310
6.94928e-310
6.94928e-310
4.17468e-58
1.76092e-13
-1.20942e+16
-5.4699e+280
-4.71364e-250
-1.38346e-53
-2.00734e+141
-3.33462e-134
6.13664e+271
-1.48933e-91
-1.9243e-155
-1.36558e-93
-8.55409e+21
-6.25178e+162
5.44136e-222
4.96125e+162
-2.36439e-239
-6.81267e-142
-3.71949e-301
3.88076e-122
-3.33042e-222
-5.43915e-207
-3.68258e+70
1.24005e-285
8.43687e+81
6.28951e-34
-2.2222e+147
-2.91111e+71
-6.18929e+148
2.83796e-151
-1.80262e-241
-1.0885e-137
6.71941e+164
-1.46755e+95
-8.93703e+156
2.65877e-114
-4.74447e-93
9.63693e-58
-1.5531e+308
2.12748e-137
5.51552e+176
3.18056e+85
-5.54714e-138
1.27928e+245
1.70752e+30
2.39088e-73
-1.66285e+174
3.55848e-38
-2.8396e+212
1.54229e-202
4.90234e+284
2.5973e+193
1.26653e-188
-2.96723e-37
4.70262e+223
-3.71378e+200
4.04362e-296
3.85867e-74
1.53572e-289
-1.68568e+195
1.25251e-180
2.81258e+25
4.28911e-298
-2.68441e+102
-2.96191e-179
-3.66206e-26
-1.69505e-134
2.1555e+126
-5.78578e+231
-7.42018e+164
2.75226e-96
4.22086e+195
4.84594e+180
-7.69488e+198
-1.1002e+142
6.45915e+183
-7.74343e+266
2.17396e+130
3.59851e+292
3.36104e+245
-5.22622e+305
-9.43668e-86
1.4001e+79
-1.87671e+85
3.77701e-73
8.89729e-271
-6.31101e-28
4.29289e+123
-1.40481e-297
7.06204e+272
1.7316e-69
-2.89078e+153
-1.45427e+264
-3.62028e+157
-1.48523e-239
4.52472e+37
-4.25145e-307
4.98972e-285
5.15929e-195
1.72334e-233
7.34562e-145
4.13252e+220
5.2579e-110
3.06898e-194
-1.56465e+11
-3.88697e+287
-3.7857e+46
-7.73223e+130
4.47759e+158
-5.66925e-276
-6.48513e+240
3.69507e+266
4.02595e-121
-5.45336e+56
-2.95014e+72
3.77396e+209
-1.82346e+266
-1.26239e+72
-8.55945e+254
1.17962e+131
-4.61543e+39
-9.79118e-294
4.63315e-227
-7.25695e-103
-4.03809e+165
-1.06758e-229
-2.57264e+259
1.81971e-81
-1.91003e+173
-3.45569e-52
-2.75422e-134
-4.91068e+300
-2.15246e+105
-2.87257e-209
-1.26419e-145
-6.78654e+18
4.42198e+19
2.27273e+56
1.69464e+235
4.36102e-264
3.21308e+155
4.85477e-231
-3.09629e-206
-1.5345e+209
5.57547e-220
-1.5362e-129
-4.56514e-86
1.79362e-256
-2.13302e-53
-1.25252e+148
-1.10215e-166
-4.79927e+233
2.70316e-66
-2.23766e+133
3.21042e+267
1.84734e-178
-2.20372e-64
-5.49978e+88
-3.12542e-149
5.17199e+132
-4.61469e+153
4.51826e+40
-4.38052e-26
5.16569e+190
-1.33888e+59
-5.74171e+279
7.13154e-214
1.90253e+91
-3.18603e+224
-2.43258e-274
4.06518e+158
3.36714e+113
-4.7125e+145
4.67637e+53
1.11881e-181
-1.09777e-96
3.50621e-279
3.08059e+79
-1.29023e+16
1.66483e-214
1.74221e-33
1.5495e-268
-4.07814e-103
5.63159e-269
-4.97276e+26
9.38621e-308
6.93613e-242
-2.72321e-68
1.25081e-258
-3.62721e+304
2.39457e-281
-3.31034e+25
4.63862e+152
2.67786e+206
-6.27338e-90
6.32243e-43
-9.58351e+209
3.21724e-229
-1.9704e-224
4.16864e+270
-2.3204e-283
-4.94729e+297
1.36913e+96
1.06725e+247
5.67059e-204
4.75533e-178
-1.10394e-23
1.91737e-147
6.37949e-121
4.16287e-297
1.00748e+136
5.59738e-32
-1.7704e+108
3.56261e+180
-7.50516e-88
8.97732e-233
-2.41807e+212
-1.25344e-227
-2.28695e+24
-9.9926e-11
6.27647e+63
-3.52483e+200
-1.28828e-300
-2.30482e-144
597937
1.06188e-287
3.94943e-19
-1.36761e-186
-3.80433e+212
-2.08142e+307
-2.07719e+213
-3.1075e+13
-3.22071e-142
-9.96902e-83
-8.55577e+19
-2.0571e-241
1.00105e+301
-1.08459e+286
1.00502e-254
1.10161e-256
1.39967e-281
1.14962e-201
4.94865e-59
-1.61469e+143
-1.22273e-303
-2.51791e-294
3.54965e-116
-1.3819e-304
2.06951e-44
4.93783e+28
-3.52636e-09
4.39827e-262
-1.67544e-31
-8.45982e+203
3.27145e-05
-4.53687e+22
4.37228e+198
7.98936e-174
-2.07618e+37
5.03445e-122
3.7402e-116
1.80377e+158
-1.37488e-155
-2.18684e-80
-8.15874e-305
1.56937e+68
3.59237e+130
-3.06654e+138
-3.92997e-28
-7.30204e+107
-1.36521e-230
-4.27948e-222
-2.41652e+33
-9.18259e+282
-5.06549e+275
-3.89275e-232
-3.15222e-88
-4.35761e+215
5.11408e+21
1.051e-100
8.24886e+194
-1.8524e-65
-5.45947e-135
1.00757e-05
-1.56231e+273
1.53393e-257
-5.3665e+216
-3.81316e-261
1.98226e-193
-4.59863e-169
-1.18004e+27
8.99261e+132
-0.000322164
-1.3635e-232
5.71468e-269
2.454e+244
-3.59068e+266
-6.65382e-54
-3.37736e+155
-1.58402e+28
7.24366e-79
8.56266e-135
-1.88496e+213
-1.90752e+176
1.02921e+234
1.80083e-25
-1.8017e+248
1.4378e-180
1.37835e-133
-3.13996e-59
-5.58383e+134
3.65814e+192
-7.61167e-77
7.92018e-200
1.37078e+154
-9.48407e+303
-8.28524e+102
2.77927e-151
2.67665e+185
2.21189e-282
-1.36408e+239
2.06392e-101
-2.13318e-204
-6.26263e-234
-7.61262e-99
1.37752e-80
-3.03728e+212
-1.16892e-101
-1.64791e+123
-1.49464e-293
-1.2733e+133
4.02645e+285
-1.56679e-80
-2.75182e+234
1.77433e-107
-7.67941e-47
9.14126e-181
2.19175e+90
6.30985e+262
9.53581e+218
-1.2051e-213
-7.80278e+236
-1.15709e+92
-2.41086e+18
6.12423e+266
4.60328e-285
3.821e+70
4.22901e+290
1.83191e-185
1.01299e+07
-3.73291e+255
-4.52094e+135
-1.44965e+99
-1.01113e+114
-2.10171e-272
2.84684e+108
-5.62259e+47
2.32392e-26
3.02278e+304
3.11145e+199
4.2651e+63
5.08228e-304
7.23753e-164
-1.60836e-90
-4.84659e-170
9.00251e+130
7.46285e+95
8.764e+179
4.39453e+72
4.00853e-177
5.12474e+78
-1.14635e+164
-2.21647e-166
-9.85788e+123
5.35734e-167
2.93244e-80
2.86867e-241
1382.74
7.64671e+165
1.55367e+58
-2.57115e+31
-5.72676e-122
3.33687e+155
1.11175e+235
1.04484e+281
7.41868e+96
-6.75477e-58
-7.08444e-191
2.15085e+165
-2.10906e+139
-1.85293e-263
-3.64773e+06
6.51152e+156
-1.98216e+187
2.21423e+58
3.53885e+51
-6.51113e-57
4.31479e-10
-5.38999e-232
1.29507e+17
-4.15665e-237
2.02348e-96
1.35443e-145
1.81371e-152
-6.06812e-28
1.57484e-292
1.74638e+193
2.35961e+147
-2.98458e-05
5.17932e-291
-8.71405e+270
-1.42936e+113
-5.4743e-76
-1.54963e+135
5.10137e+171
-9.84498e-36
-9.29016e+174
-2.25147e+303
-1.18012e-43
-2.52645e+129
1.23563e+146
-3.33528e+64
6.16594e+57
1.01256e+180
2.95726e-79
-1.66908e-208
1.58774e-224
3.09667e+297
2.67985e-306
4.92622e+190
-3.69076e+87
-2.94134e+132
4.6969e-198
-2.25783e+122
8.04385e+104
-1.87719e+171
-5.39984e-14
-4.94957e+238
-1.49753e-300
-4.83733e+52
-2.39319e+124
-1.44619e+205
8.32068e-38
9.62035e+112
-2.6785e-109
1.55413e+31
-3.0693e+244
6.73338e-104
1.9263e+209
5.14333e-154
-3.99041e+228
2.35921e+89
-2.06846e+265
-1.00986e+59
5.89138e+271
1.02652e-53
5.01427e+78
-3.27175e+182
6.73588e+121
-2.56038e+165
-1.16663e+193
3.1112e+188
1.0716e+29
2.39858e-287
-5.54618e-188
-9.69562e+304
2.35857e+261
-2.70552e+83
-2.17825e-75
-8.42086e-148
9.38792e-100
-1.04672e-20
-3.39126e+28
-3.12646e-199
-5.02344e+48
2.67644e+270
1.85754e+201
-5.04698e-271
4.157e+212
7.60535e+219
-2.39061e+20
4.04343e-172
-1.2144e+187
7.9262e-305
5.86996e+286
-1.95474e-48
1.07005e-17
1.33915e-238
2.57162e+305
2.40478e-46
1.51112e+134
4.23568e-71
1.2197e+184
-8.63889e-26
-5.34558e-134
-8.93427e-155
2.57732e-164
9.12562e+274
3.57574e-122
-2.37605e+188
4.59335e-07
-1.75342e+58
-7.27387e-296
-4.11439e-50
-2.21218e-55
1.56962e-164
-1.6241e+125
-9.71673e-77
1.22244e-262
-4.26121e-210
-1.31079e-125
5.60497e+149
1.23887e+182
-1.61952e+248
-1.1153e+136
0.0117879
-1.06206e-120
5.08607e+39
5.28144e-192
2.52511e+199
1.74036e+196
-3.96009e+94
3.29405e+223
1.07563e+126
-4.13312e+261
1.19898e+103
-2.64889e-109
2.19014e+294
1.71756e-227
-1.24792e+258
-2.88954e-142
3.70796e-118
2.79494e-128
5.89043e+240
-2.98511e+196
9.08095e+303
-8.41019e-153
-5.92619e+33
2.56665e+160
-2.33821e+189
4.77271e+216
-1.0023e-126
-7.96102e-47
-3.71087e+239
1.21795e+305
1.48266e+268
2.91547e+68
7.81802e-277
7.84362e+210
3.0873e-165
-1.88004e-174
1.1063e+157
5.20742e-263
7.46788e+303
-3.93869e-253
1.10958e+24
-4.14167e+121
-4.13472e+125
7.84558e+304
-3.07631e-12
5.27898e+19
-5.61843e+13
3.33908e-161
-1.42565e+301
1.05017e-213
-5.38714e-117
-2.53348e+68
1.54971e+147
5.96307e+94
-1.17604e+171
-1.0224e-201
-2.3241e+134
-2.73973e+119
-3.86878e-286
1.99422e+284
2.10731e+204
-1.72969e-149
-6.46536e-141
5.62572e-189
-1.54384e-266
-1.1661e+264
-1.45323e+290
1.26389e-174
5.3336e-236
1.99792e+192
-6.74257e-47
-1.15025e-139
1.94111e-201
-3.08047e-255
-5.48216e-126
3.36239e+56
-2.66329e-83
-1.16469e+221
9.10417
-5.78419e-183
-9.93491e-119
2.23011e-144
2.9518e-68
-7.37627e-184
1.93891e+161
-2.41484e-255
413.561
-6.09305e-48
-5.51232e-267
-7.72059e-190
3.51447e-247
-2.74912e+238
3.70987e+83
-1.50042e+253
-5.26486e-218
-3.77527e+229
-5.90986e+09
3.63008e-79
-1.00475e-62
3.2387e+212
8.8354e+195
4.47313e-30
1.24712e+100
8.86349e-61
1.17902e+14
-3.25399e-09
3.28395e+240
0.000408823
-1.50592e-254
1.8001e+295
1.40755e-205
2.09934e+96
2.48289e-129
-1.28032e-287
-1.88602e-63
-7.95563e-29
-2.73332e+117
5.59598e-15
-1.49096e-83
2.81445e-77
2.04586e+22
-2.39083e-233
-2.69164e-162
-3.79467e-60
9.74334e+237
-6.60636e-78
1.52173e-47
-9.35196e+80
-1.00556e+270
9.83519e-256
-1.05351e+23
-4.10566e-126
-8.17961e+279
1.0025e-232
-5.62839e+235
-9.9716e-260
2.85907e-44
-1.06872e-209
3.56064e+34
-3.36351e-212
-4.78171e-64
-3.44824e+196
3998.35
-1.80614e+167
1.72889e-194
2.15438e+27
-4.11706e+79
6.61811e-100
2.06857e+165
-3.72315e+300
-1.83964e+49
8.46044e-300
1.27382e-268
-7.23415e+301
-0.172645
2.29129e-256
1.35691e-298
3.56895e-151
1.61318e+252
2.06134e+80
9.88416e-45
3.00202e+248
-8.08631e-75
4.25962e+255
8.51685e-194
-8.90837e+121
-5.00624e+240
6.97426e-182
9.21649e-285
-1.91203e+292
-5.86475e+258
1.82058e-100
-8.00615e+275
-2.73237e-121
-4.69061e-285
3.37735e-209
1.02684e-82
3.11923e-285
2.83154e+165
-2.87491e-31
2.94042e-21
-1.07606e+167
-2.15517e-225
1.35852e+197
1.873e-130
2.16236e+104
1.07159e-48
5.46239e+97
-3.23874e+237
-6.50104e-96
3.70622e+177
-8.23821e-171
9.72383e-109
-1.9325e-205
4.27129e-58
-1.19166e+82
1.84423e+112
3.01446e+257
2.57177e+23
-1.88606e-242
2.40578e+92
1.4151e-133
1.53268e-32
2.35551e+112
8.62525e-259
3.36202e-84
2984.97
1.49997e+112
-5.22673e+194
-5.82229e+105
-7.18631e+229
-1.33054e+135
7.83169e-270
3.52926e+291
2.05224e-140
7.52785e-27
-6.5048e+231
0.011187
-7.40628e+08
3.93514e-303
2.07746e-70
2.7865e+207
3.06338e-145
2.18829e-181
3.08625e-240
1.40824e+99
1.29077e-211
8.81483e-08
2.84945e+189
-2.95062e+277
3.75298e+287
7.35073e-179
-2.06442e+07
-9.30193e+108
-4.1889e-228
-3.54031e+44
-2.97888e-66
-5.1427e-70
2.21676e-55
5.90297e-68
3.58837e-216
1.06594e-255
-9.2433e-08
-4.76434e-52
-1.68589e-291
4.27438e+178
-1.30895e+52
5.69133e-243
-1.65187e-190
2.11367e+113
4.071e-50
1.19352e-283
-1.15349e+172
-8.26661e+86
6.18043e+162
9.21909e-75
1.54555e+173
-1.5856e+92
-9.84567e+213
-4.20123e-257
6.83899e-126
8.78108e+119
7.30683e-299
-2.83208e-56
3.44335e-05
-1.59018e-210
3.43424e-208
-1.53078e+214
-3.50319e+178
7.08689e+209
4.44037e-194
-4.16425e-285
8.40308e+135
-4.62036e+144
-1.45669e-275
7.18431e-57
3.61205e-59
1.61457e+17
-1.32891e+212
2.654e+60
5.04042e+198
-1.557e-304
-3.32315e+159
-2.05577e-299
-2.61464e-284
-1.35344e-178
7.3642e+213
-3.13792e-86
-6.99985e-233
-3.79096e+21
1.67354e+299
2.08882e-279
5.99997e+20
-2.38e-141
3.31397e+37
4.22432e-229
1.81924e-261
-8.55302e+116
-9.72151e+58
7.28454e-153
-8.63568e+247
-9.22559e+60
1.75322e+261
-4.03199e-305
-3.20141e-184
4.15559e-108
-2.06185e-23
6.66626e-195
9.26039e+224
-1.01821e-234
-5.89523e-228
-4.06863e-28
4.10019e+247
-1.34069e-40
-5.77671e+281
-4.59014e-177
7.41092e-98
-2.65151e+168
-8.56566e+131
-8.00287e+140
-2.73533e+232
-8.18768e-272
-1.53899e-77
-6.78743e-25
6.24033e-106
-4.19869e-191
-5.10914e-74
-1.03795e-13
3.58905e-167
-5.41215e+25
1.20303e-119
-4.86794e+207
1.08089e-299
-1.23281e+145
-1.75199e+131
-5.73225e+120
-1.51254e-259
-5.64711e+280
-1.9395e-247
-1.02213e-267
-2.19951e-150
5.02436e-82
-1.0607e-138
4.16103e+54
-1.64667e-229
-1.21178e+272
-1.10067e+179
-6.80229e+293
-1.95384e+93
4.31247e-147
6.51153e-57
6.87004e+68
3.2952e+263
7.09264e-59
1.48511e-181
-2.04806e-13
1.80131e-13
2.04393e-221
-9.15165e-05
2.30751e-62
2.77546e-07
-4.89247e-57
-1.27193e-67
4.32634e-55
3.57216e-146
-3.03145e+291
-8.80116e-176
121476
2.24856e+272
2.83557e-267
2.75359e-67
-8.84864e+223
1.68255e-281
3.98606e+288
3.10768e-303
2.92706e+149
-2.02523e+44
4.3292e-85
-9.72751e+249
-4.88843e-259
3.37778e+44
1.70043e+07
-8.41407e-187
-2.20874e-20
1.65515e+46
1.55953e+155
1.27849e+182
-1.99389e-44
3.24421e+64
-3.37078e+288
-71.9438
3.33045e-307
-0.402954
1.11602e-157
1.83107e-102
9.82921e-78
-2.06054e+143
-1.51071e-16
6.5555e+256
-4.68596e+36
8.28579e+121
-1.98376e+114
6.931e-225
3.29285e+153
1.05795e-178
-2.91748e-291
7.45231e+98
2.35348e-32
4.16886e+71
-1.53438e+88
4.88546e+26
