1.0786e+11
1.02403e+11
1.09059e+11
1.03942e+11
1.08306e+11
1.06567e+11
1.06977e+11
1.03942e+11
1.05703e+11
1.02613e+11
6.94928e-310
6.94928e-310
0
0
0
0
0
0
6.94928e-310
0
0
0
0
0
0
4.94066e-324
0
0
0
0
0
4.04739e-320
0
0
0
0
6.94928e-310
0
0
0
0
6.94928e-310
2.96439e-323
0
2.02468e-320
0
0
0
0
0
0
0
0
0
0
0
0
0
0
0
0
0
0
0
0
3.95253e-323
6.95284e-310
6.94928e-310
0
1.42291e-321
6.95284e-310
6.94928e-310
6.94928e-310
6.94928e-310
2.89487e+107
-3.26243e-199
-5.32543e+98
3.76777e-74
-3.70497e+53
4.87772e-66
-1.3405e-128
-2.12842e-100
2.72368e+212
7.57319e+150
-1.07328e-290
-4.81411e-18
-1.37626e-244
9.46095e-265
-2.36731e+176
3.41203e-40
-1.93583e+298
1.09387e-89
1.99124e+153
-2.2824e+26
2.19863e-43
9.74203e-10
1.11546e+15
7.97575e+193
8.60972e+240
8.49343e+250
-4.76906e+241
1.65421e-195
-4.34462e+48
9.56943e+18
-7.653e+249
5.68245e-91
-1.15974e-29
-1.07371e-102
-2.28436e-135
6.14435e+276
-6.08862e+78
-7.52856e+25
-6.02855e-290
-1.0916e+198
-3.92122e-80
-7.02759e-19
-6.53586e+149
1.03951e+89
1.48715e-290
2.18377e+139
-1.75052e+121
-1.50274e-170
-1.76151e+81
8.26423e+265
1.06555e-26
6.86775e+87
4.15851e+129
5.9468e-207
4.41464e-308
-8.18577e+278
6.97472e+184
-1.305e+169
-7.50231e+187
-1.33587e-188
2.37548e-195
8.37813e-192
-1.31778e+11
7.55544e-284
1.05645e-176
-1.33269e-08
1.40449e-180
8.98868e+181
2.33795e+117
2.01584e+21
-1.04845e-170
-1.28482e+213
1.35369e-43
4.71392e+211
-1.74734e-278
-4.24176e+169
6.34168e+69
1.5122e-155
7.93366e-158
-5.53647e+208
-6.62165e-144
4.54282e-12
-6.26386e-43
4.86133e+144
-3.83728e-160
-1.86986e+140
4.18706e-78
6.36093e+27
5.13697e-152
2.8683e-292
-2.86488e-233
2.4141e-301
-7.22252e-271
-5.18953e-40
-6.33262e+26
-2.73377e-163
-6.06246e-47
-1.14564e-247
1.37909e-285
1.29482e+100
4.38475e-269
-9.90836e+169
2.90576e+09
-1.65323e-252
4.69423e-90
-4.93357e-262
4.87787e+85
-2.88703e-213
-3.06495e+264
1.33922e-125
-2.83476e+162
-2.14098e+151
1.67548e-71
1.839e-262
-1.01655e-57
-3.06626e-253
3.29033e+116
2.16732e+118
-3.2022e+304
1.79734e+87
2.42573e-38
-8.71428e-278
-2.45648e+174
-9.66543e+252
2.13373e-52
-1.6237e-127
-5.27352e-214
1.29858e-128
8.53332e-275
-1.76258e-188
5.67951e-168
5.55872e-77
3.10714e+98
7.38686e-08
-2.19769e-24
-1.86162e-87
-1.13427e-254
-4.14025e+116
-2.13216e-174
-6.01169e-307
1.11909e-72
-2.26231e-272
-5.36905e-47
-8.88481e+10
-4.27573e+89
-4.32173e-151
-6.44707e+208
-2.24588e-67
4.22829e-195
1.28763e+265
1.34567e-26
-108.869
-1.78837e-51
-4.03089e+152
-3.3403e-185
5.52438e+300
6.22408e-23
3.66963e+242
-5.01794e+84
4.61457e+163
-1.3081e-45
-1.70834e-73
-6.74434e-237
2.43422e-63
1.74953e+87
2.74033e-40
1.3572e-94
-5.99913e-231
1827.58
1.43586e+11
-1.27907e-294
8.93677e+212
2.00492e+242
-1.28275e+101
-1.85688e-72
-6.21203e-288
7.80642e+132
-2.21887e+37
-8.85999e-35
8.39047e-106
1.57258e-157
2.59649e+276
-2.50993e+170
-1.66413e+111
-7.51177e+289
5.30359e-304
7.37202e+21
2.80117e+268
-8.48823e-291
3.06097e+209
-2.07223e-175
-4.11531e+37
0.00229026
-1.99516e+149
5.47345e-134
-6.23e+64
7.33875e-209
-1.45135e-135
-1.14449e-85
6.36645e+15
2.04058e+209
4.94154e-52
-4.3663e-244
-9.76626e+242
-1.68684e+180
9.52554e-20
-5.47867e+139
3.20613e+265
1.43379e+13
-5.67606e-275
-1.39167e+161
1.45229e+287
-3.41153e+101
-2.09039e-25
2.14113e+158
6.09786e+12
-6.09998e-263
-1.56903e+239
1.37082e+51
-5.62614e-63
6.62237e-80
-1.69961e-202
1.83364e-121
2.42366e-44
8.16906e-06
-1.97723e-165
3.50266e-14
-1.08564e-135
-9.88209e-211
8.00149e+31
-1.05327e-190
-3.43969e-08
-2.93311e-128
6.31091e+42
-8.1872e+200
3.53481e+284
2.06026e-140
-5.35737e+183
5.30094e-68
-15.2498
-4.45857e+44
-1.52605e-164
2.45451e+14
3.44485e+110
4.56794e-227
4.27064e-31
3.088e+95
3.20384e+215
-1.80701e-185
4.19074e-46
-2.61484e-06
4.01777e-148
8.97037e-181
1.21577e+285
1.24747e-142
1.67946e-286
-2.11889e+235
-4.50597e+22
-1.18772e-304
1.62412e+109
5.86274e-169
1.31735e-190
5.42725e-74
-504.17
7.89111e+26
5.91602e+177
5.39065e-75
-3.53596e-196
2.1809e+274
-5.52844e+178
2.12424e+181
1.32248e-183
-1.10989e-41
-7.21654e+143
-8.50074e+22
-5.96993e+141
5.92537e-252
7.9593e-27
-1.17688e-205
-1.36239e-114
-1.43906e-151
2.2019
3.51877e+133
-1.26421e-111
-2.29225e-193
5.69488e-170
2.48808e+304
-1.88554e-238
-3.04439e+244
4.68563e-169
5.56689e+187
-3.56487e+200
-7.91823e-123
4.61625e-144
-1.42816e+149
1.14265e-85
-9.34077e+237
8.46652e-196
-1.13522e+233
2.83676e-213
-2.81338e-32
-4.66567e-68
-4.97015e+105
2.65836e-236
9.95861e+117
2.4967e-43
8.45258e-271
-4.77467e-172
-5.73461e+264
-3.66427e-92
7.63909e+186
-1.06418e-26
-1.13536e+300
-6.53209e+190
1.00614e-129
-6.50497e-65
-3.33246e+218
1.88723e+88
-2.68685e+89
-4.58001e+160
2.35881e-51
4.94903e+34
-1.66526e-13
6.03645e+178
-1.2086e-158
-2.93811e+23
5.133e-260
5.05774e-290
-5.90941e-18
7.85603e+68
-1.66192e-97
2.4929e-49
2.74987e+200
1.08298e-19
7.3522e+136
2.24076e-266
-3.0074e+182
2.72518e-08
1.58868e-149
-2.46894e+124
1.0023e-135
-2.20045e+92
4.66552e+28
-9.26176e+81
-1.02027e-178
-1.01932e-178
-2.69046e-187
-2.05872e+63
6.03782e+40
-2.89474e+220
-7.13372e+169
-3.13722e+274
5.81361e-279
-1.20241e+44
-2.73417e+259
2.88831e-60
-9.558e-93
2.66877e+107
-7.04495e-98
-9.28094e+98
3.70285e+127
1.27165e-34
9.55375e-38
-1.79268e+206
1.12751e+229
-1.94857e-122
-3.93344e+34
-1.47588e+08
4.62154e-226
6.95171e+47
2.80092e-234
8.63598e+181
1.94763e-261
6.37935e-130
-2.4571e-158
-7.12487e-160
3.24171e+56
-4.4691e+114
1.02021e+302
-2.8387e-40
-1.98027e-69
1.8568e-239
8.94643e-160
5.03416e-96
-2.48737e+38
9.14222e+18
5.64573e-242
1.95045e-113
-2.82668e+50
5.74929e+23
2.2813e+226
1.22269e-19
-8.04741e-269
8.59436e+229
-7.66252e-299
-3.29897e+234
1.85748e-173
2.2378e-169
-1.46644e-80
-1.64843e-215
8.58312e+271
-7.00768e+134
2.52981e+242
2.46696e-200
1.89548e+183
1.54213e+190
9.66023e-252
9.00607e-110
8.62204e-184
7.82253e-231
9.58792e+78
7.97345e-307
1.44867e-148
-3.53285e-284
-3.66039e+284
3.82422e+66
-1.27433
-1.00158e-204
7.02429e-240
-4.01084e-125
-1.84367e-274
2.96144e-200
-4.58815e+159
6.05889e+262
-3.4255e-121
-1.0576e-47
1.89301e-203
5.2241e-24
4.59891e+254
-4.54947e+155
-4.80939e-135
4.03852e-39
-3.11897e+171
-2.28767e-95
5.15383e-93
-2.66125e+94
-3.63685e-274
-1.5134e-265
3.398e+218
-1.37128e-43
2.41931e+178
-1.21682e+224
2.53744e+305
3.07162e+18
3.8504e+21
2.10062e-229
-1.21779e+09
-1.95973e-253
-5.75287e+208
1.13095e-306
6.00466e+96
-5.85655e+98
-6.06795e-97
-3.63096e+129
-1.58311e-94
-8.88932e+190
2.8092e+231
-7.26462e+266
-4.31843e-171
-2.31647e-50
-9.30667e+263
-1.35813e-17
2.60528e+218
1.07618e-103
-0.00028061
1.67871e-202
-6.24007e-139
1.26177e+67
-2.28903e+93
6.41042e+119
-1.06442e+44
-4.05737e+46
-1.00715e-65
-1.66637e+215
-2.93589e-49
-1.06742e-305
-1.56844e+55
1.52907e+203
-2.3324e-05
-3.20109e+206
-6.57852e+130
5.48833e-108
-2.07595e-75
6.32974e-134
-4.54641e+234
-8.09784e+176
5.58486e-190
9.60771e-170
-2.36952e+63
-7.37726e+289
-7.02193e+39
9.25379e+214
-1.08278e+63
1.15069e+201
-1.8023e+194
8.44545e+226
1.02745e-258
-5.7167e+34
8.33812e-76
-6.19774e+211
5.00029e+152
8.7202e+22
-2.10486e-237
9.35801e+288
1.0714e-73
2.79956e+14
5.22291e-50
-5.58135e+53
-8.75717e-75
-4.92277e-48
1.1592e-200
7.39974e+300
1.87894e-61
-1.75428e-14
-1.24978e-150
-1.44127e-40
-7.09067e+133
-2.48263e+08
-1.02009e+12
-2.52743e+43
1.33876e-17
-8.42021e+36
1.27896e-183
5.29526e+148
1.39557e-260
-6.21325e-252
-1.81119e-183
2.52108e-235
-6.43814e+177
-1.88958e-247
6.73332e-254
1.78975e+47
-1.22789e-152
2.61623e-99
-1.23314e+55
5.10298e-276
-3.3385e-201
1.69691e+279
3.66028e-266
3.44488e+264
6.40952e-110
1.48503e+253
9.82688e+255
-6.61525e+166
9.13724e+73
-1.67992e-49
5.25722e-228
-2.21341e+135
-8.87483e-289
-6.52699e+91
5.69125e-301
-1.29398e-53
1.32327e-276
-2.4048e-141
-3.30136e+205
8.7377e-286
1.8449e-152
-5.71344e-77
1.15902e+217
-3.84777e+147
-2.44215e-159
8.9253e-52
-5.97285e-213
1.03508e-266
-2.57878e+120
2.07512e+266
2.20342e-217
-3.38442e-207
5.10267e-149
-4.14117e+120
-1.96598e+74
-36.3671
-7.48508e-285
-1.9225e-113
-3.04194e+169
2.29368e+239
1.00725e+151
-8.90852e-204
-1.38632e+186
5.25355e-289
-1.40555e-282
-8.39533e-268
-7.82896e+43
9.26752e+10
-6.16944e-85
-5.44374e+70
-2.12772e+48
-4.83631e+71
-7.17146e+248
-1.5769e-284
-7.39295e+52
1.00337e+18
2.77991e-80
-1.33361e-191
1.55719e+248
-4.60913e-263
6.30384e-71
-1.18795e+96
8.43633e-47
2.4363e+114
1.62396e-59
-5.30868e+264
9.61e-221
6.35466e+97
3.23817e-303
4.11291e+154
2.92066e+174
-1.18855e+235
3.19439e+282
1.44791e-12
-2.03869e-248
2.31411e+252
-2.36744e-265
1.02688e+73
1.45449e-20
-3.93397e+110
-1.97128e+212
-7.79419e-60
-9.75968e-271
9.66646e+188
1.49442e-175
2.88457e+222
-4.37e-128
2.18087e-88
-2.85009e-280
2.98468e-16
-1.23601e-304
2.09386e-70
-1.23648e+117
1.43555e-34
1.90156e-110
-1.30799e+260
2.95454e-15
3.04265e-93
-5.82505e-107
-1.91825e+91
6.53413e-302
3.7929e-187
-3.14945e-280
-4.13055e-40
-8.28506e-72
3.36344e-106
-2.7568e+81
1.9983e-44
6.92088e+268
1.16272e+13
4.18711e-116
-7.6849e+146
0.232899
1.01913e-277
-3.40759e-282
-9.17457e+219
-5.22044e-116
1.17792e+200
2.64028e+290
1.84294e-155
-2.49371e-212
4.77857e+86
7.32053e-54
-4.50856e+228
-5.0242e-80
-1.60222e-203
4.32885e+91
-6.47985e+26
7.97702e-66
-9.98998e-275
4.62194e-212
-8.21013e-163
1.02507e-140
3.76703e-237
-1.73912e-218
-9.6539e+100
-6.54904e+27
6.02413e+21
-2.7927e+107
2.04137e+24
6.54848e-282
5.44813e+245
5.04016e-154
-1.34922e-93
1.44633e-214
1.84481e-25
2.99399e-188
-3.08758e-277
-3.99018e-45
-3.55772e+179
-1.12174e-198
-6.81806e-280
2.4764e-154
5.27819e+86
-1.08313e+245
-4.41828e-136
7.09379e+72
-1.15416e-62
5.80388e+48
-2.52803e-247
-5.49626e-143
8.71549e+39
-1.97134e-138
-7.29451e+11
-8.48914e+198
2.47279e-219
-2.58561e-199
-6.81322e+235
1.1483e+134
-5.22384e-183
2.73609e-238
-4.65715e-211
-8.66242e-182
-4.53375e-29
-9.26456e-109
3.41038e+265
-1.21669e-145
-1.38616e-40
4.116e-230
-4.29458e-77
-1.3321e-79
6.40507e+189
-11.1821
5.54545e-213
9.05502e+178
-2.23418e-10
8.5896e+262
-2.2646e+52
2.83098e-302
-1.38259e+77
-3.19706e+82
-2.43178e+91
6.32386e-190
2.45528e+299
4.73983e+222
-6.55187e-245
-3.72967e+274
5.92409e+262
-0.0049899
-5.25667e+158
-7.2748e-191
1.08464e+278
-3.71662e-87
-2.04874e+304
5.96536e+258
3.45297e-05
3.42254e-79
-1.07753e-286
-1.10263e+17
3.02526e+267
1.86973e-35
3.06227e-243
-3.60082e-26
3.56881e-30
-3.18906e-18
5.06259e+49
2.6301e-06
-9.54925e+223
-9.06057e+80
6.53031e-158
-1.2561e-85
2.01478e-137
-4.26285e-249
6.45656e-282
-2.92246e+216
1.73888e+17
4.14208e+216
-5.1099e+132
1.20205e+104
8.42922e+06
-7.82811e-266
2.92952e-180
-1.26243e-246
-2.92902e+154
2.88621e-48
-1.83109e+87
-3.76372e-76
-2.03192e+292
-1.10115e+257
1.81782e+16
7.05867e-281
-1.58308e+224
1.43312e+302
-1.91111e-132
-2.30793e-53
-1.4693e+277
5.55e+206
-9.73909e-60
-4.50991e+264
-4.84784e-300
5.3222e+78
-7.05184e+18
-5.18519e-285
-4.26425e+217
1.25794e-130
6.44232e-291
-9.62597e+184
-3.37224e+155
8.57098e-164
1.64069e+255
3.3757e+133
-3.47549e+91
-8.00777e-185
1.01427e+15
1.0643e+287
1.40304e+72
-7.01017e+62
-2.20701e-162
6.89692e-128
-2.443e-293
4.57359e+09
-4.39536e+184
-1.53465e+241
6.52723e-174
8.59996e-43
-5.36548e+223
5.04527e+165
2.35294e-228
3.75119e+92
-3.80181e+252
-2.58618e-194
-6.64061e-193
-2.13979e+11
-1.39396e-179
-3.01429e+170
-1.99753e-65
-7.05375e+153
-1.73131e+61
-4.7056e-306
1.35413e+16
-2.08714e-35
-1.9812e+254
-1.41532e-96
4.71837e-109
6.9279e-258
-1.14757e+276
-4.95899e-221
3.83607e+230
7.42523e+286
-2.75113e+221
4.595e+300
-2.08168e-37
-3.08249e+91
9.99409e+124
-3.16077e-243
-6.80351e+296
-1.70471e+290
-1.39428e-153
-4.86575e-49
5.69665e+225
5.5197e-42
-4.65676e-250
4.62735e+236
1.27122e+50
-8.95067e-115
-2.88351e-183
1.88051e+193
-1.27609e-68
-2.16273e-186
-4.49325e-251
7.60026e-90
3.9531e-248
-5.28213e+174
7.99241e-108
-6.92475e+200
-7.09121e-15
5.10617e-229
2.00587e+53
1.09397e-41
2.97748e+47
1.22642e-214
6.35773e-70
1.98802e+16
-1.38584e+75
2.49607e+256
-8.59343e-43
4.99494e-140
-1.83354e+291
-1.70554e+229
-3.09248e+48
-6.89309e-289
6.69497e+190
2.46373e-49
-1.54852e+182
-8.07159e+26
9.42687e+263
7.27936e-59
9.65073e-255
-1.81589e+34
-5.06009e-279
2.27171e+229
3.11886e+231
5.93293e-168
-1.43943e+69
-3.90746e-247
3.04294e-60
-1.06404e+127
1.84261e+09
-5.91714e-79
-1.0118e-110
-1.032e+213
-2.30307e+158
-1.07018e+216
-1.30063e+271
-2.22268e-191
7.66156e+133
2.73672e-211
2.75586e-91
-2.26862e-304
-7.09238e+221
-1.28981e-11
3.08651e-292
6.04728e-34
9.29866e+255
-9.74033e-131
2.67418e-149
1.99642e+305
1.54812e-61
-5.44006e+68
4.65901e-294
-6.26988e-295
-9.8332e-249
-1.89928e-285
4.98947e-170
2.55714e+25
1.3333e-255
-6.02073e-46
1.23953e-77
6.90832e-162
6.14618e+222
