4.0646e+08
5.1973e+06
4.59035e+06
4.43424e+06
4.53717e+06
4.60212e+06
4.61698e+06
4.50936e+06
4.61847e+06
4.3603e+06
0
0
0
0
0
0
0
0
0
0
0
0
0
0
0
0
0
0
0
0
0
0
0
0
0
0
0
0
0
0
0
0
0
0
0
0
0
0
0
0
0
0
0
0
0
0
0
0
0
0
0
0
0
0
0
0
0
0
0
0
0
0
0
0
9.5664e-285
4.25059e+42
5.37922e+26
2.01266e-38
1.41359e-101
-3.6733e+256
5.44384e+24
8.44945e-38
1.56039e+140
3.86114e-215
-7.10387e+79
-7.78471e-122
1.09728e+294
-1.13723e-20
-1.07367e+306
-2.57944e-48
2.03319e+172
-1.40758e-151
-3.67175e-232
-5.77536e-31
-1.6611e+247
4.21284e-174
-7.40514e-206
-8.75918e+36
-1.34855e+240
6.56705e-260
-1.35566e-278
-6.93842e+24
-3.72723e+93
-2.05555e-88
-1.19539e+247
-1.11037e-307
3.44634e-119
-8.23072e-70
-2.14715e-285
2.82472e+126
-3.89952e+18
4.02782e-192
-3.51527e+210
-3.42707e-233
-1.0964e-147
-1.07986e-75
9.80178e+233
-3.60768e+90
9.79066e-51
-3.48236e+130
3.96274e-179
6.02535e-115
9.94524e-256
2.78841e-269
1.03288e-258
5.5927e-199
-1.94218e+213
7.76363e+121
5.11142e+155
-3.50904e-215
-2.70449e-181
-1.81387e-70
-5.98021e+269
4.73506e+265
-1.58356e-208
1.78266e-42
4.59404e-68
3.54874e-62
-2.07203e+148
-2.02423e-122
6.49024e-113
6.75929e-109
3.81724e-242
1.81467e-107
2.12823e-195
-1.79147e-246
2.68408e+244
1.38858e-30
2.67486e+216
1.61445e-191
9.73228e+115
-3.1671e+305
-1.20359e-92
-8.37326e+195
1.19789e+192
1.92261e+36
8.28529e+145
-1.52583e-138
-1.74045e+180
-1.64823e+145
4.49472e+43
-1.52033e-183
7.3436e+64
-4.63454e-208
-1.81957e-116
-1.52813e+56
-3.05362e+34
-5.46904e-130
3.68068e+119
-173263
2.23227e+92
-5.39995e+191
-1.45706e-192
-1.07148e-176
2.32258e-297
-1.44643e-13
0.0279703
-3.78249e+09
9.8921e+10
-3.06891e-133
-6.70709e-181
2.41963e-174
-8.15928e+155
-1.77229e+44
-1.85478e+227
4.42509e+33
-3.61789e+234
-2.02381e-47
-1.34596e+283
7.99424e+242
1.35025e-45
-3.16108e+187
-7.59078e+140
3.91415e-129
5.90124e-101
3.48368e-188
-1.03053e+239
-2.76391e-29
5.79046e+84
1.5054e+177
-1.60893e+52
1.38007e-98
-2.60887e+196
917.204
4.14005e-58
3.94744e+141
-8.1606e+67
-1.26141e-140
-9.24294e+121
-5.32104e+113
2.30066e-293
-2.63277e-142
-8.57036e+25
8.30849e+07
4.19597e-39
1.91091e-163
1.01808e+19
1.52928e+144
5.15502e+198
1.81046e-72
3.52071e-45
-1.23221e+104
5.3686e-307
-1.29166e-80
4.418e+279
3.15518e+247
1.19989e+88
-8.16085e-157
2.17905e+274
2.42022e-270
-9.50858e-43
3.06776e+133
1.80656e-185
6.82827e+294
-2.64094e+106
2.1411e+157
-5.21644e-101
-4.65035e-274
8.51256e-52
3.12483e-288
-1.3909e-83
-2.20602e+167
-4.63888e-253
1.844e-150
-8.49897e+142
-1.908e-301
3.41801e-86
1.36531e-214
2.72258e+143
2.22702e-295
2.16087e-155
3.32133e+234
4.42733e+33
-1.61746e-247
1.88814e-144
7.85183e+98
-8.15065e-91
2.9752e-11
1.89641e+278
2.79632e-73
-7.81457e+142
-3.38362e+190
1.03118e+170
3.19076e-104
-1.28148e-97
1.18536e-22
-2.83003e-146
-6.29515e+51
2.95639e+200
8.86597e-96
-2.08506e-273
6.50606e+304
9.08372e+294
1.17522e-156
2.17731e+06
-8.49962e-09
-1.49701e+176
6.61697e-37
-1.58228e-17
3.72126e-160
4.75501e-103
3.43277e+272
-2.49803e+281
1.96606e+182
4.54726e-98
8.70852e+241
3.57923e+193
5.20327e+209
-2.37827e+115
-1.54511e+09
5.07629e-275
-6.91204e+91
-1.71379e+300
-4.2e+132
1.26808e-84
-6.07046e-220
-1.26483e-98
4.91566e-170
1.00539e-143
8.17975e+124
2.68487e-168
9.04598e+114
1.43297e-221
-9.06809e-12
1.13971e-35
-2.08312e-18
-2.15361e-234
-9.70885e+193
2.60318e-219
-1.41331e+260
2.41189e+221
1.39175e+88
1.09947e-63
-5.39277e+50
-2.78411e-153
5.03544e-46
-1.16076e+96
-4.80606e-104
1.74938e-256
-2.37654e+278
-1.65408e+262
-1.4647e+117
-3.88619e+142
-2.71973e+173
1.0678e-85
-3.47648e-98
-8.39097e-255
1.70538e+27
4.1684e-303
-4.80329e-139
9.47437e-91
-5.22083e+306
-3.83993e-81
-2548.63
-1.04891e+268
-6.59452e+49
-8.13897e+36
1.92385e+177
-1.7238e+61
1.66023e-196
6.5156e-261
-3.73245e-75
0.000144464
1.47375e+96
1.87556e-52
-4.37692e+273
-6.1467e+143
-2.52358e-79
1.16109e-90
-3.45455e+170
-7.81341e+19
-4.08312e-57
8.0419e+237
7.03931e-90
1.73885e+186
6.17525e+304
7.74276e-233
-1.40454e+179
-2.5708e-120
-1.15004e-166
-2.18774e+227
-8.03846e+144
-5.78855e+216
-1.57121e+288
-8.07746e-239
-1.12183e-263
7.57109e-53
-5.86919e+53
3.89314e-09
-3.95462e-93
3.40953e+30
-4.12374e+175
3.18042e-33
-3.33309e+46
-4.15803e-51
9.44632e-189
1.18125e-46
-1.22861e-269
-6.15572e-286
-2.92308e+57
3.66858e+278
-1.00592e-193
8.96439e+120
-5.91293e+44
-6.24472e+195
-9.29729e+200
1.03969e-146
-7.01656e-192
-1.71766e+233
1.69865e-252
6.30304e+65
-2.20871e-91
1.18006e+229
2.80219e+253
-9.09831e-208
2.09298e-274
-1.65274e-128
-8.20034e-290
-1.86179e-228
1.53789e+126
1.10484e-246
-3.43738e+280
-1.11205e-289
1.23001e-139
-2.82202e-222
4.09597e-24
3.09539e+143
-2.83553e-175
-4.13306e+23
2.8185e+135
-1.46586e-239
-1.30668e-71
-1.0933e-308
2.94256e+181
-1.8066e-29
6.43481e-161
6.35073e-249
-6794.35
6.15816e+91
-7.81836e+182
-5.39656e-202
5.7586e+27
-1.08813e-212
2.75675e+170
-5.19743e+307
7.76087e-189
-1.44066e-283
-4.35611e-182
-3.3034e-276
7.36035e+247
-7.85404e+118
-4.30769e-170
1.92775e-125
4.20394e+125
9.98743e-132
-7.43894e+261
2.29521e-228
3.19208e+49
-1.0613e+36
2.08832e-153
-1.04029e+108
2.96655e+53
6.9972e-290
3.51595e+78
6.74987e+29
-7.23584e+307
-8.09067e-260
-6.0026e-88
1.30881e+199
2.22915e+211
-7.22689e+301
-1.34449e-204
2.16225e+157
2.3311e-290
1.39753e+252
-2.61289e+14
1.15549e-34
-8.44518e-20
1.43863e+34
6.84281e-252
5.75112e-227
5.60536e+251
1.58483e+13
-6.46556e+136
2.0464e+167
2.00878e+57
4.42321e+300
-1.23809e+88
8.46785e-250
-1.75539e-140
4.64728e+21
-1.8527e+297
-2.31945e+206
8.79728e+292
-4.75458e+130
2.18399e-225
-4.35927e+130
6.27701e+223
1.09772e+39
2.72564e+121
2.99549e-238
-5.71022e-272
-1.51778e+305
-4.04309e-107
4.23336e-75
3.34951e+220
7.99204e+75
1.38399e-303
-6.01745e-207
-1.53404e-105
5.25652e+13
-7.78879e+203
2.50872e-284
-5.0458e+63
3.80564e+18
8.91514e+97
-5.86229e+228
4.94858e+73
-3.79622e-147
-2.42695e+55
4.65295e+267
-2.52618e-63
2.93742e+299
-3.1862e-279
1.06358e-165
1.92152e+234
-4.80044e+262
4.00402e+105
-1.99922e-46
1.54249e+304
3.53678e-85
7.84233e+300
-3.00314e-77
-1.69564e+155
-2.78389e+10
-1.16669e-274
3.54119e-18
5.06486e+173
2.13208e+174
3.07794e+195
-6.26263e-68
-9.31889e-293
4.71077e+167
8.52008e-176
6.13492e+178
1.80716e+297
7.5851e-287
4.85965e-77
3.87986e+134
-8.52644e+228
3.54717e+27
-1.8509e+95
6.89235e-29
2.14698e+30
3.41662e-287
1.40517e-222
-4.81604e+258
1.3216e+218
6.00098e-237
2.37254e+08
3.49698e-62
1.31112e+09
1.75575e+229
1.29419e+181
3.14363e+156
-2.00646e+42
-1.86042e+132
-2.79705e-39
2.6717e-253
4.69825e-211
-1.19985e-37
-3.12167e+82
1.65425e-213
-6.84368e-205
9.29087e-107
5.29741e+120
-6.34629e+30
-2.00494e+57
1.89043e+273
1.21092e-275
1.6619e+196
-2.57276e-251
1.53857e+113
1.79416e+260
-2.67188e+51
2.75384e+90
5.50403e-121
-9.18779e-26
6.59321e+16
-5.80286e+246
-6.43794e+268
3.70546e-284
-1.10439e-40
3.18262e-254
-3.43524e-160
4.374e-278
-4.9717e-117
-2.63669e-83
-3.67616e-204
-4.93321e+216
-2.02261e+225
3.14215e-123
-2.10332e-237
2.57046e+262
2.89037e-300
3.69271e-280
-9.85626e-11
1.03437e+266
8.45737e-84
-1.91913e-269
4.58677e-280
1.29835e-87
1.81028e-38
1.00931e+102
-4.56978e-88
-3.18619e-217
1.13696e+110
3.28276e-186
14858.1
2.87583e+103
1.87543e+173
1.32343e-253
-5.57898e+125
-1.21618e-285
-5.70702e-250
-1.30776e-241
5.5301e+247
-3.48383e+213
-1.89786e-31
3.63341e-258
1.21979e+136
-2.52542e+242
7.70986e-14
13870.6
-5.44466e+210
-6.84346e+27
2.6703e+140
-2.27708e-94
1.53112e+30
-3.00964e-170
1.94053e-127
-3.73687e-175
-1.27296e-39
-7.17109e+32
-4.49446e+143
-1.58443e-261
6.45149e+280
8.12545e-281
-1.87451e-274
-6.79853e+218
2.80484e-77
1.39172e-291
9.01891e-17
-2.0796e-255
1.88185e-275
-2.04864e+46
-5.94185e-164
9.66497e+256
-1.43571e-45
-1.31528e+54
4.48985e-141
7.80944e+303
-5.77401e-171
1.81133e+248
4.94332e-58
-7.8115e+98
-1.04484e-23
-1.0064e-89
-6.33088e+257
6.4361e+129
2.18504e-249
-1.81978e+95
-1.08129e+121
-0.43801
-2.76666e+12
5.96948e-88
-4.69791e+96
4.17675e-204
-2.05824e+135
9.45121e+118
4.24249e-203
7.30162e+14
2.748e-197
-2.27381e+220
-1.65751e-99
-6.98215e+47
-4.23842e+99
6.83383e-144
2.78803e-190
4.79504e+231
1.57541e-174
-1.11113e+200
-1.4166e+198
1.73156e+210
2.37141e-221
8.85453e+278
7.84783e-146
-4.91896e-122
-4.78787e-99
-8.83785e+17
6.08105e+235
9.59939e+40
-6.96085e-307
-6.93063e+89
-1.01356e-188
-3.08738e+260
-6.17875e-128
5.04641e-229
1.92324e-237
-6.3242e-163
-3.57565e+109
-1.07281e-44
1.63528e+264
-2.67029e+129
5.7351e-97
-1.37553e+152
1.73895e-25
2.13277e-18
8.51519e-19
1.65248e+186
-7.37673e+228
6.74072e-22
3.55138e+150
-9.28876e+196
3.21334e-187
7.18975e+83
-6.82992e+275
-5.08367e-15
3.71034e-260
-3.41775e-225
-4.4957e-140
4.84074e+170
-3.53403e-191
4.12288e+115
-1.94075e+195
2.01673e-47
-0.0139203
-1.36141e+301
-5.10818e+296
-4.25464e-47
-2.95494e+184
8.18598e-247
-1.61471e+19
-4.42251e+162
1.93915e-113
-4.58471e+175
-2.41249e-250
1.48681e-176
1.21249e-276
-3.31539e+44
-2.48898e-12
-3.7832e-81
-1.36722e-113
-2.78239e-57
-1.53183e-174
3.06348e+261
7.56097e+111
5.88987e+09
2.65279e+107
2.3888e-110
-3.03893e+109
2.23934e+81
-1.34184e-178
-4.99695e+29
-7.773e+132
3.10376e-199
-1.63104e-64
8.17088e+58
-1.06391e-174
-1.43503e+59
-2.55577e-282
-8.53333e-245
2.86437e-298
-1.22789e+120
2.0843e+06
-1.27893e+193
3.42138e+89
-1.13784e+260
-5.33502e-161
-5.17155e-114
8.6993e-32
3.56614e-43
-1.35992e+186
-7.61975e+184
-1.23501e-124
-2.93449e+197
-1.91866e+143
4.75382e+41
-2.53615e-196
-7.86482e-98
-4.88015e-168
1.64459e+46
-2.38874e+140
1.078e-305
-2.0682e-192
-1.33494e+275
2.30753e-31
0.326542
7.93971e-98
-1.68292e+64
-2.59223e-155
-1.00252e-297
6.38326e+226
2.0393e-282
-2.78806e+275
8.5385e-07
1.20789e+174
-2.56684e+54
-6.25066
1.90976e-166
1.50152e+124
1.41581e+96
4.11338e+17
1.18985e+128
-7.55042e-183
-2.77918e-119
2.26434e-34
1.84492e+138
-1.53655e+175
-1.89098e-117
-3.32895e+295
5.92286e-229
2.89638e+263
-1.14776e+228
-5.91492e-296
6.06657e-228
-2.27779e-275
-3.67354e+29
1.31006e-127
8.51266e+264
4.04898e-302
-6.03498e+224
2.11052e+217
2.06608e-55
-1.72981e-286
6.01292e-127
2.63172e+268
6.80791e+21
-1.85699e-257
-1.27139e-136
-1.7821e+246
1.79862e+249
-3.97048e-233
-3.59607e-32
1.08963e-78
1.06087e+97
-5.89053e-249
-5.96685e-204
-1.24766e+277
3.33625e-59
1.8438e-309
8.64195e+273
1.38454e+33
-1.24697e-227
4.1443e-284
-3.15534e+07
-5.06611e-138
-2.70224e-272
1.91749e+260
-7.23637e-85
4.55752e-69
-1.33934e-116
-3.55142e+282
-3.39582e-22
-2.47262e-228
-4.81007e+173
6.28306e-215
1.47705e+141
-2.52041e-57
-4.38789e+243
-1.3955e+105
7.10713e-268
2.62617e+184
8.8344e-299
9.14719e+157
-1.87675e+136
7.69663e+186
1.9143e-302
-1.12187e-302
-1.39023e+48
-6.47094e+172
3.03026e-120
-3.12741e+268
-1.31093e+155
7.19245e+31
-1.10839e+63
-2.15612e-299
-1.35116e+276
5.2471e+281
2.43084e-73
-9.55676e+131
5.21154e-240
-1.02291e+210
6.55002e-236
3.36925e-301
4.58865e+105
2.90779e-81
-1.52911e-20
1.24559e+201
1.15241e-231
2.41382e-217
38.6261
-9.66675e-15
-1.83456e-34
-5.03495e-287
-1.65392e+61
5.61456e-50
2.09844e-82
8.46609e+117
2.29915e+196
-4.78305e-198
2.66503e-94
-3.52957e-18
-1.42237e+105
-1.40463e-137
1.75264e-34
-1.1928e-158
-3.38586e-135
1.18136e+125
-2.17745e+09
7.51928
2.0126e+113
-4.28392e-119
4.59488e+230
8.18318e+89
-7.02825e+20
-4.67824e+185
2.01499e+93
1.28148e-73
1.10023e-69
-6.36141e-125
-5.98265e+291
-7.03149e+203
2.32734e-198
5.13543e+192
-3.13621e-43
8.24227e-14
8.34347e+158
1.16215e+31
6.36062e-05
1.14891e-239
-6.0666e+139
1.49348e-233
2.02682e-79
3.41291e-300
6.36214e-65
1.16326e-34
-4.94548e-50
-1.81585e-304
-1.06606e+139
7.93796e-239
8.59982e+44
7.65461e+27
2.01154e+231
3.01982e+215
7.84878e-178
-3.37561e+236
4.25499e+67
-6.20435e-253
4.69448e+21
8.47314e-32
-8.42702e-131
-3.53037e+137
2.34956e+172
1.21682e+62
2.30914e+45
2.5085e-166
4.05006e-193
3.69921e-140
-5.73582e-219
1.30542e-06
1.31315e-253
-2.10719e-129
-4.88614e-17
1.19359e+248
-2.68785e-201
-1.98295e+297
3.78045e+282
-6.43855e-196
1.20987e-165
5.87288e+224
-1.87801e-137
-2.49052e+126
1.74554e-149
-5.09071e+264
4.11601e-144
1.0287e+207
-1.03923e+105
1.11441e+68
1.08593e-85
3.6378e+232
2.12183e+64
-8.25847e+125
-5.07435e-274
1.49629e-119
-3.75906e-06
-2.46153e+137
1.93573e+95
-8.72073e+106
8.82885e+86
2.65601e+67
-3.43797e+124
2.53496e+118
-2.18198e+79
-1.4563e+242
-3.84873e-73
-9.93422e-127
2.38467e+07
-6.9361e-250
3.39947
-1.96265e-107
1.75325e+176
-4.46017e+74
-3.80683e+286
-1.93513e-168
2.91093e+259
2.87429e+147
-5.27779e+68
6.27287e-06
1.23652e+276
