620935
506753
505568
506100
506408
516165
506862
505724
506171
513061
518541
507046
513114
506655
506131
505424
510573
504757
504624
504423
504510
505018
504756
504922
504575
504100
504611
504504
504414
504023
504717
504490
506395
508865
504805
504450
504491
504384
503531
506104
504048
505199
653133
505001
504689
504962
504542
504491
504218
505241
506518
504091
535847
504287
506660
504325
504513
505156
991282
505602
503662
504523
1.17971e+06
747899
652241
549265
520045
505154
512285
504129
528002
523062
504862
517721
515526
509021
504777
504680
504280
504877
505174
617533
516536
507268
504063
566264
576573
529414
514218
504504
504018
516352
504213
507298
504509
504283
504891
546804
573186
530330
0
0
0
0
0
0
0
0
0
0
0
0
0
0
0
0
0
0
0
0
0
0
0
0
0
0
0
0
0
0
0
0
0
0
0
0
0
0
0
0
0
0
0
0
0
0
0
0
0
0
0
0
0
0
0
0
0
0
0
0
0
0
0
0
0
0
0
0
0
0
0
0
0
0
0
0
0
0
0
0
0
0
0
0
0
0
0
0
0
0
0
0
0
0
0
0
0
0
0
0
0
0
0
0
0
0
0
0
0
0
0
0
0
0
0
0
0
0
0
0
0
0
0
0
0
0
0
0
0
0
0
0
0
0
0
0
0
0
0
0
0
0
0
0
0
0
0
0
0
0
0
0
0
0
0
0
0
0
0
0
0
0
0
0
0
0
0
0
0
0
0
0
0
0
0
0
0
0
0
0
0
0
0
0
0
0
0
0
0
0
0
0
0
0
0
0
0
0
0
0
0
0
0
0
0
0
0
0
0
0
0
0
0
0
0
0
0
0
0
0
0
0
0
0
0
0
0
0
0
0
0
0
0
0
0
0
0
0
0
0
0
0
0
0
0
0
0
0
0
0
0
0
0
0
0
0
0
0
0
0
0
0
0
0
0
0
0
0
0
0
0
0
0
0
0
0
0
0
0
0
0
0
0
0
0
0
0
0
0
0
0
0
0
0
0
0
0
0
0
0
0
0
0
0
0
0
0
0
0
0
0
0
0
0
0
0
0
0
0
0
0
0
0
0
0
0
0
0
0
0
0
0
0
0
0
0
0
0
0
0
0
0
0
0
0
0
0
0
0
0
0
0
0
0
0
0
0
0
0
0
0
0
0
0
0
0
0
0
0
0
0
0
0
0
0
0
0
0
0
0
0
0
0
0
0
0
0
0
0
0
0
0
0
0
0
0
0
0
0
0
0
0
0
0
0
0
0
0
0
0
0
0
0
0
0
0
0
0
0
0
0
0
0
0
0
0
0
0
0
0
0
0
0
0
0
0
0
0
0
0
0
0
0
0
0
0
0
0
0
0
0
0
0
0
0
0
0
0
0
0
0
0
0
0
0
0
0
0
0
0
0
0
0
0
0
0
0
0
0
0
0
0
0
0
0
0
0
0
0
0
0
0
0
0
0
0
0
0
0
0
0
0
0
0
0
0
0
0
0
0
0
0
0
0
0
0
0
0
0
0
0
0
0
6.94612e-310
0
5.32231e-318
5.31723e-318
5.31723e-318
0
2.47033e-323
1.56634e-317
1.57039e-317
1.5685e-317
1.56854e-317
5.30208e-318
1.4822e-323
0
0
0
0
0
0
0
0
0
0
0
6.94612e-310
0
9.06614e-318
9.0616e-318
6.94612e-310
0
6.94612e-310
1.94275e-317
6.94612e-310
1.58101e-322
6.94612e-310
2.1229e-314
4.94066e-323
0
6.94612e-310
6.95284e-310
6.94612e-310
7.42698e-314
6.95284e-310
6.94612e-310
6.94612e-310
0
1.4822e-323
6.36599e-314
6.94612e-310
1.56854e-317
6.94612e-310
6.95284e-310
6.95284e-310
6.36599e-314
6.94612e-310
6.94612e-310
2.96439e-323
6.94612e-310
4.2751e-319
1.01481e-320
5.85078e-318
4.94066e-324
1.63971e-319
0
0
5.35982e-318
2.02369e-320
1.04742e-320
7.18507e-315
2.86701e-315
7.05206e-315
0
6.94612e-310
9.11045e-316
6.94612e-310
0
6.94612e-310
4.94066e-324
6.94612e-310
6.94612e-310
6.94612e-310
0
6.94612e-310
4.94066e-324
6.94612e-310
0
6.95284e-310
0
6.94612e-310
4.94066e-324
4.94066e-323
6.94612e-310
6.95284e-310
6.94612e-310
6.95284e-310
0
6.94612e-310
2.07333e-317
6.94612e-310
6.95284e-310
4.11063e-321
3.328e-294
0
2.124e-314
1.08299e-319
3.16202e-322
5.35002e-318
1.3351e-307
4.17208e-308
1.061e-313
0
0
0
5.31723e-318
5.31723e-318
1.03613e-317
1.2732e-313
5.31923e-318
1.56805e-317
1.56805e-317
4.48612e-321
4.86161e-321
1.03613e-317
1.2732e-313
5.31935e-318
1.56807e-317
1.56807e-317
2.60867e-321
2.60867e-321
3.95253e-323
8.48798e-314
2.25294e-321
2.25294e-321
2.25294e-321
3.35965e-322
3.35965e-322
1.97626e-323
9.32067e-314
5.13231e-318
5.13231e-318
5.13231e-318
2.34187e-320
2.34187e-320
1.97626e-323
1.35647e-313
0
0
0
0
0
7.90505e-323
9.32067e-314
5.31923e-318
1.56805e-317
1.56805e-317
3.08297e-321
3.08297e-321
4.94066e-324
4.24399e-313
4.74069e-307
1.41369e+85
-2.01865e+151
1.02245e-313
2.122e-314
2.76212e-317
1.2732e-313
1.58101e-322
4.66839e-313
2.54639e-313
4.9051e-144
1.35341e-143
-2.48079e-260
1.13833e-320
9.6339e+79
-9.13519e+09
-2.14978e-136
4.62854e-306
5.15292e-231
7.96307e-222
2.00002
6.22496e-289
1.72929e-260
1.64495e-303
0
-3.47668e-310
-164096
2.0697e-289
8.49219e-314
-1.39068e-308
1.2575e-293
8.70894e-311
2.31306e-289
8.36204e-299
6.79712e-313
6.95284e-310
6.95284e-310
6.94612e-310
6.94612e-310
6.94612e-310
0
6.94612e-310
0
6.94612e-310
6.94612e-310
6.94612e-310
0
6.95284e-310
6.95284e-310
6.95284e-310
6.94612e-310
6.94612e-310
0
4.29837e-321
6.94612e-310
6.94612e-310
6.94612e-310
1.03013e-320
6.94612e-310
6.94612e-310
6.94612e-310
6.94612e-310
1.03013e-320
6.94612e-310
6.94612e-310
6.95284e-310
6.95284e-310
6.94612e-310
1.31812e-314
6.94612e-310
6.94612e-310
6.95284e-310
2.36872e-315
3.70113e-317
6.95272e-310
6.95284e-310
6.94612e-310
6.95284e-310
6.95284e-310
6.94612e-310
0
2.96439e-323
1.94292e-314
0
6.94612e-310
6.94612e-310
6.95284e-310
6.94612e-310
4.94066e-324
0
6.95284e-310
6.94612e-310
1.4822e-323
6.94612e-310
4.94066e-324
1.26481e-320
6.94612e-310
6.94612e-310
6.94612e-310
6.94612e-310
1.26481e-320
6.94612e-310
6.94612e-310
6.95284e-310
6.95284e-310
6.94612e-310
6.94612e-310
6.94612e-310
6.94612e-310
6.94612e-310
4.02248e-315
3.99205e-321
6.94612e-310
6.94612e-310
6.94612e-310
6.94612e-310
3.99205e-321
6.94612e-310
6.94612e-310
6.95284e-310
6.95284e-310
6.94612e-310
0
2.07335e-317
2.07272e-317
6.95284e-310
3.58628e-315
5.60356e-317
6.95272e-310
6.95284e-310
6.94612e-310
6.95284e-310
6.95284e-310
6.94612e-310
0
2.96439e-323
4.94066e-324
0
0
6.94612e-310
6.95284e-310
6.94612e-310
4.94066e-324
0
6.95284e-310
6.94612e-310
1.4822e-323
6.94612e-310
4.94066e-324
0
4.94066e-324
6.94612e-310
6.94612e-310
6.94612e-310
0
6.94612e-310
6.95284e-310
4.06755e-314
6.94612e-310
6.95284e-310
2.07335e-317
3.58628e-315
2.122e-314
6.94612e-310
6.94612e-310
6.94612e-310
0
6.94612e-310
4.94066e-324
0
0
6.94612e-310
6.94612e-310
6.94612e-310
6.94612e-310
6.94612e-310
0
3.11653e-317
3.11622e-317
6.95284e-310
6.95284e-310
4.94066e-324
0
6.94612e-310
4.94066e-324
0
2.96439e-323
6.94612e-310
4.94066e-324
6.95284e-310
3.11622e-317
6.94612e-310
6.94612e-310
6.94612e-310
6.94612e-310
6.94612e-310
6.94612e-310
6.94612e-310
6.94612e-310
6.94612e-310
0
2.96439e-323
3.11661e-317
2.07394e-317
3.11661e-317
6.94612e-310
4.94066e-324
6.95284e-310
3.11622e-317
2.07487e-317
6.94612e-310
2.12203e-314
6.95284e-310
2.07488e-317
9.88131e-324
2.07711e-317
2.07409e-317
0
