239492
195453
194996
195201
195320
199083
195495
195056
195228
197886
199999
195566
197906
195415
195213
194940
196926
194683
194632
194554
194588
194784
194683
194747
194613
194430
194627
194585
194551
194400
194668
194580
195315
196267
194702
194565
194580
194539
194210
195202
194410
194853
251911
194777
194657
194762
194600
194580
194475
194870
195362
194426
206674
194502
195417
194516
194589
194837
382334
195009
194261
194593
455011
288462
251567
211850
200580
194836
197586
194441
203649
201743
194724
199683
198837
196328
194691
194653
194499
194729
194844
238180
199226
195652
194415
218406
222382
204193
198332
194586
194398
199155
194473
195663
194587
194500
194735
210901
221076
204546
0
0
0
0
0
0
0
0
0
0
0
0
0
0
0
0
0
0
0
0
0
0
0
0
0
0
0
0
0
0
0
0
0
0
0
0
0
0
0
0
0
0
0
0
0
0
0
0
0
0
0
0
0
0
0
0
0
0
0
0
0
0
0
0
0
0
0
0
0
0
0
0
0
0
0
0
0
0
0
0
0
0
0
0
0
0
0
0
0
0
0
0
0
0
0
0
0
0
0
0
0
0
0
0
0
0
0
0
0
0
0
0
0
0
0
0
0
0
0
0
0
0
0
0
0
0
0
0
0
0
0
0
0
0
0
0
0
0
0
0
0
0
0
0
0
0
0
0
0
0
0
0
0
0
0
0
0
0
0
0
0
0
0
0
0
0
0
0
0
0
0
0
0
0
0
0
0
0
0
0
0
0
0
0
0
0
0
0
0
0
0
0
0
0
0
0
0
0
0
0
0
0
0
0
0
0
0
0
0
0
0
0
0
0
0
0
0
0
0
0
0
0
0
0
0
0
0
0
0
0
0
0
0
0
0
0
0
0
0
0
0
0
0
0
0
0
0
0
0
0
0
0
0
0
0
0
0
0
0
0
0
0
0
0
0
0
0
0
0
0
0
0
0
0
0
0
0
0
0
0
0
0
0
0
0
0
0
0
0
0
0
0
0
0
0
0
0
0
0
0
0
0
0
0
0
0
0
0
0
0
0
0
0
0
0
0
0
0
0
0
0
0
0
0
0
0
0
0
0
0
0
0
0
0
0
0
0
0
0
0
0
0
0
0
0
0
0
0
0
0
0
0
0
0
0
0
0
0
0
0
0
0
0
0
0
0
0
0
0
0
0
0
0
0
0
0
0
0
0
0
0
0
0
0
0
0
0
0
0
0
0
0
0
0
0
0
0
0
0
0
0
0
0
0
0
0
0
0
0
0
0
0
0
0
0
0
0
0
0
0
0
0
0
0
0
0
0
0
0
0
0
0
0
0
0
0
0
0
0
0
0
0
0
0
0
0
0
0
0
0
0
0
0
0
0
0
0
0
0
0
0
0
0
0
0
0
0
0
0
0
0
0
0
0
0
0
0
0
0
0
0
0
0
0
0
0
0
0
0
0
0
0
0
0
0
0
0
0
0
0
0
0
0
0
0
0
0
0
0
0
0
0
0
0
0
0
0
0
0
0
0
0
0
2.6791e-310
0
2.0528e-318
2.05084e-318
2.05084e-318
0
9.88131e-324
6.04131e-318
6.05692e-318
6.04966e-318
6.0498e-318
2.04499e-318
4.94066e-324
0
0
0
0
0
0
0
0
0
0
0
2.6791e-310
0
3.49678e-318
3.49503e-318
2.6791e-310
0
2.6791e-310
7.4931e-318
2.6791e-310
5.92879e-323
2.6791e-310
8.18796e-315
1.97626e-323
0
2.6791e-310
2.68169e-310
2.6791e-310
2.86456e-314
2.68169e-310
2.6791e-310
2.6791e-310
0
4.94066e-324
2.45534e-314
2.6791e-310
6.0498e-318
2.6791e-310
2.68169e-310
2.68169e-310
2.45534e-314
2.6791e-310
2.6791e-310
9.88131e-324
2.6791e-310
1.64889e-319
3.913e-321
2.25663e-318
0
6.32404e-320
0
0
2.06726e-318
7.80624e-321
4.04146e-321
2.77126e-315
1.1058e-315
2.71996e-315
0
2.6791e-310
3.51387e-316
2.6791e-310
0
2.6791e-310
0
2.6791e-310
2.6791e-310
2.6791e-310
0
2.6791e-310
0
2.6791e-310
0
2.68169e-310
0
2.6791e-310
0
1.97626e-323
2.6791e-310
2.68169e-310
2.6791e-310
2.68169e-310
0
2.6791e-310
7.99678e-318
2.6791e-310
2.68169e-310
1.58595e-321
1.2836e-294
0
8.19221e-315
4.17683e-320
1.23516e-322
2.06348e-318
5.14943e-308
1.60916e-308
4.09223e-314
0
0
0
2.05084e-318
2.05084e-318
3.99632e-318
4.91068e-314
2.05161e-318
6.04793e-318
6.04793e-318
1.72923e-321
1.87745e-321
3.99632e-318
4.91068e-314
2.05165e-318
6.04798e-318
6.04798e-318
1.00789e-321
1.00789e-321
1.4822e-323
3.27379e-314
8.69556e-322
8.69556e-322
8.69556e-322
1.28457e-322
1.28457e-322
9.88131e-324
3.59495e-314
1.97951e-318
1.97951e-318
1.97951e-318
9.03152e-321
9.03152e-321
9.88131e-324
5.23184e-314
0
0
0
0
0
2.96439e-323
3.59495e-314
2.05161e-318
6.04793e-318
6.04793e-318
1.1907e-321
1.1907e-321
0
1.63689e-313
1.82847e-307
5.45255e+84
-7.78587e+150
3.94356e-314
8.18446e-315
1.06534e-317
4.91068e-314
5.92879e-323
1.80058e-313
9.82136e-314
1.89188e-144
5.22005e-144
-9.56833e-261
4.39224e-321
3.71576e+79
-3.52341e+09
-8.29162e-137
1.78521e-306
1.98746e-231
3.07133e-222
0.771399
2.40095e-289
6.66979e-261
6.34453e-304
0
-1.34094e-310
-63291.3
7.98274e-290
3.27541e-314
-5.36379e-309
4.85013e-294
3.35901e-311
8.9214e-290
3.22521e-299
2.62163e-313
2.68169e-310
2.68169e-310
2.6791e-310
2.6791e-310
2.6791e-310
0
2.6791e-310
0
2.6791e-310
2.6791e-310
2.6791e-310
0
2.68169e-310
2.68169e-310
2.68169e-310
2.6791e-310
2.6791e-310
0
1.66006e-321
2.6791e-310
2.6791e-310
2.6791e-310
3.97229e-321
2.6791e-310
2.6791e-310
2.6791e-310
2.6791e-310
3.97229e-321
2.6791e-310
2.6791e-310
2.68169e-310
2.68169e-310
2.6791e-310
5.08396e-315
2.6791e-310
2.6791e-310
2.68169e-310
9.13607e-316
1.42751e-317
2.68164e-310
2.68169e-310
2.6791e-310
2.68169e-310
2.68169e-310
2.6791e-310
0
9.88131e-324
7.49379e-315
0
2.6791e-310
2.6791e-310
2.68169e-310
2.6791e-310
0
0
2.68169e-310
2.6791e-310
4.94066e-324
2.6791e-310
0
4.87643e-321
2.6791e-310
2.6791e-310
2.6791e-310
2.6791e-310
4.87643e-321
2.6791e-310
2.6791e-310
2.68169e-310
2.68169e-310
2.6791e-310
2.6791e-310
2.6791e-310
2.6791e-310
2.6791e-310
1.55146e-315
1.54148e-321
2.6791e-310
2.6791e-310
2.6791e-310
2.6791e-310
1.54148e-321
2.6791e-310
2.6791e-310
2.68169e-310
2.68169e-310
2.6791e-310
0
7.99685e-318
7.99443e-318
2.68169e-310
1.38322e-315
2.16127e-317
2.68164e-310
2.68169e-310
2.6791e-310
2.68169e-310
2.68169e-310
2.6791e-310
0
9.88131e-324
0
0
0
2.6791e-310
2.68169e-310
2.6791e-310
0
0
2.68169e-310
2.6791e-310
4.94066e-324
2.6791e-310
0
0
0
2.6791e-310
2.6791e-310
2.6791e-310
0
2.6791e-310
2.68169e-310
1.56884e-314
2.6791e-310
2.68169e-310
7.99685e-318
1.38322e-315
8.18446e-315
2.6791e-310
2.6791e-310
2.6791e-310
0
2.6791e-310
0
0
0
2.6791e-310
2.6791e-310
2.6791e-310
2.6791e-310
2.6791e-310
0
1.20203e-317
1.20192e-317
2.68169e-310
2.68169e-310
0
0
2.6791e-310
0
0
9.88131e-324
2.6791e-310
0
2.68169e-310
1.20192e-317
2.6791e-310
2.6791e-310
2.6791e-310
2.6791e-310
2.6791e-310
2.6791e-310
2.6791e-310
2.6791e-310
2.6791e-310
0
9.88131e-324
1.20207e-317
7.99911e-318
1.20207e-317
2.6791e-310
0
2.68169e-310
1.20192e-317
8.0027e-318
2.6791e-310
8.18459e-315
2.68169e-310
8.00275e-318
4.94066e-324
8.01132e-318
7.99968e-318
0
