160.35
155.54
157.75
157.52
158.51
156.31
158.65
156.44
157.7
156.47
155.44
156.28
156.47
152.54
155.46
150.46
158.52
158.72
150.61
156.13
148.53
149.8
156.18
160.53
155.22
156.23
151.54
154.11
155.46
156.09
158.76
155.04
150.55
157.75
149.52
151.28
150.51
161.17
155.27
155.78
157.58
153.16
161.8
161.75
152.11
153.11
156.04
158.76
154.8
157.01
156.48
154.6
158.94
156.99
159.72
155.09
158.44
154.66
153.61
160.68
153.64
155.01
153.54
159.55
158.5
158.67
167.29
160.18
163.52
165.38
166.92
173.53
156.65
156.98
153.51
160.87
161.35
155.9
157.62
153.25
156.05
165.22
157.07
154.49
159.9
155.17
155.96
151.59
154.57
158.08
150.46
158.87
155
150.46
157.22
146.41
149.71
155.91
160.8
162.93
156.14
151.15
152.44
155.78
153.14
158.27
157.06
151.99
157.52
146.76
151
153.24
160.66
736.42
156
160.67
155.45
156.14
151.54
152.68
156.13
153.41
157.85
150.23
152.12
156.14
150.42
151.6
150.78
160.85
162.97
155.92
157.97
153.14
155.91
150.64
158.52
156.74
150.7
156.31
146.28
150.88
156.09
160.8
155.49
156.23
151.54
152.76
156
155.91
158.85
158.91
150.37
157.48
146.82
149.84
150.33
160.71
162.84
156.32
154.91
152.54
155.55
150.37
158.79
154.33
152.41
157.52
146.6
149.74
150.61
160.97
155.13
156.32
151.54
154.56
155.73
155.73
158.94
158.19
150.37
157.22
148.66
150.25
156.09
161.07
162.75
155.96
155.81
154.04
159.12
156
159.09
150.09
150.75
155.69
150.06
149.65
150.88
160.52
155.4
155.87
151.72
157.32
155.28
156.04
154.28
152.24
159.12
153.32
158.08
153.96
151.89
156.28
148.26
150.65
153.23
160.67
162.79
155.82
155.55
152.56
155.6
153.32
157.73
158.68
152.08
157.79
147
151.07
150.61
160.43
155.49
155.87
151.45
153.85
156.22
153.51
158.17
152.52
151.98
156.59
150.15
151.87
150.69
164.13
155.54
156.23
153.92
153.44
158.49
153.32
157.68
153.79
151.87
157.16
150.74
150.64
150.79
160.7
155.4
155.82
151.41
153.76
158.89
150.46
159.23
158.24
150.51
156.6
150.51
151.87
150.69
160.85
162.97
155.92
158.06
153.5
156.18
150.46
159.33
150.98
150.61
155.5
150.6
149.99
150.61
160.97
155.13
155.69
151.54
153.12
159.12
152.44
153.24
159.24
155.31
156.05
151.63
152.68
156.22
156.14
158.31
150.18
150.64
157.48
150.06
151.1
150.87
161.54
155.26
156.23
157.7
154.7
156.54
150.55
159.33
153.79
150.62
155.5
150.6
150.37
156
160.8
155.49
155.82
151.63
152.58
156.18
158.95
155.86
157.31
155.19
159.05
156.43
158.82
157.04
157.95
156.31
158.11
155.19
158.84
156.53
158.82
156.54
158.26
155.98
157.65
155.6
158.38
157.43
154.93
155.81
153.96
152.99
158.31
153.32
158.63
150.85
152.17
157.25
148.08
149.56
153.6
160.84
155.36
156.05
151.72
153.58
155.59
153.32
157.58
150.77
151.85
155.65
160.53
165.78
157.6
167.64
161.14
160.59
167.26
164.97
156.97
158.16
156.06
161.36
159.87
158.61
159.92
153.06
161.27
150.74
153.65
154.19
158.4
154.74
155.87
158.6
154.13
158.13
153.23
157.9
154.93
151.9
155.92
153.43
154.79
152.48
155.64
150.37
159.06
155.21
151.89
157.34
150.29
151.36
150.61
160.43
153.75
155.61
158.65
157.67
157.23
154.55
156.59
156.09
158.94
156.48
150.55
158.03
150.01
151.87
156.09
160.62
162.93
156.41
151.24
154.6
156.5
153.32
158.54
150.22
152.08
157.16
150.45
150.46
153.42
160.48
155.35
155.64
151.54
152.99
156
153.41
157.58
150.14
152.03
156.19
150.33
151.37
150.43
160.8
162.83
155.87
154.25
152.44
158.13
156
157.63
155.84
152.23
157.34
148.49
149.56
150.88
160.7
155.31
156.32
151.54
154.56
155.73
155.73
158.94
158.19
150.51
157.48
146.82
149.84
150.33
160.8
162.83
155.87
151.2
153.02
158.49
258.36
159.01
155.73
158.28
156.48
158.03
156.4
158.91
156.36
159.07
155.08
158.05
156
158.47
155.26
158.32
156.54
158.17
156.58
158.28
156.9
158.16
156.33
158.5
156.76
158.67
155.35
158.41
156.18
158.78
155.26
158.23
156
158.75
155.53
158.23
156.63
158.17
156.33
158.5
156.76
158.67
155.35
158.41
156.18
158.98
155.43
158.14
156.85
158.13
155.98
157.96
156.63
157.43
156.16
158.77
156.45
158.75
155.71
158.41
156.54
158.98
155.43
158.14
156.85
158.13
155.98
157.96
156.63
157.43
156.16
158.77
156.45
158.75
155.71
158.41
156.54
158.98
155.43
158.14
156.85
158.13
155.98
157.96
156.63
158.8
155.52
158.68
156.13
158.94
155.07
156.14
158.25
153.51
158.95
158.7
159.09
153.05
161.74
150.6
153.1
154.03
158.53
154.9
155.68
156.66
154.7
159.03
153.41
158.63
151.3
151.9
156.89
150.69
150.46
153.42
160.48
155.4
156.32
151.45
152.68
156.49
153.32
158.12
154.73
150.55
157.84
150.6
151.82
150.69
160.62
162.92
155.96
151.29
154.55
159.03
153.41
158.31
151.34
152.18
157.34
149.6
149.56
150.88
160.48
155.26
156.05
151.68
154.03
155.69
156.09
158.31
150.63
150.64
157.21
149.7
150.74
151.03
160.85
162.97
155.92
157.97
154.52
159.12
153.23
159.09
150.18
150.93
155.78
148.98
149.56
150.88
160.75
155.55
156.09
151.45
153.98
158.85
153.14
158.53
158.73
157.39
154.75
157.2
156.12
154.61
156.36
150.64
159.06
154.15
150.8
155.68
149.34
149.56
156.18
160.53
155.22
155.92
151.36
152.68
156.4
153.41
157.94
153.29
152.03
156.41
148.85
150.92
150.51
160.53
162.74
156.14
156.14
152.24
158.13
156
158.37
159
150.75
156.5
147.45
150.71
153.42
160.48
159.17
155.86
150.45
149.92
153.42
160.8
155.22
156
158.03
153.74
159.32
150.74
158.6
154.29
150.37
156.19
147.67
151.82
150.69
160.71
155.22
155.86
153.98
152.51
158.23
150.46
157.72
158.95
151.98
156.88
148.75
149.56
150.88
161.54
155.04
156.05
157.39
152.84
158.37
153.28
158.03
154.24
150.55
156.23
150.6
153.02
150.95
157.74
150.27
151.15
150.87
161.03
155.31
155.68
156.14
152.24
158.18
153.05
158.64
156.03
150.46
155.68
149.65
149.56
150.88
164.31
155.13
156
158.03
152.48
155.74
156.14
158.49
154.37
152.03
158.03
150.51
150
155.73
160.71
155.35
156.13
157.04
153.46
159.04
156.09
157.94
155.71
151.89
157.42
147.58
151.72
150.43
160.26
158.07
159.41
151.3
161.56
149.13
153.64
155.78
158.58
154.75
157.24
158.55
153.32
158.9
153.23
159.09
154.34
151.89
157.15
146.32
150.37
150.61
161.45
155.49
155.99
158.3
154.1
159.32
150.65
158.87
153.61
151.71
155.92
146.74
150.38
153.14
160.94
155.26
155.95
157.94
154
156.54
156
292.66
152.08
156.55
149.78
151.19
150.78
160.62
155.22
155.82
154.96
154.13
156.27
156.18
157.71
154.33
151.98
157.47
146.51
150.91
156
164.22
155.44
156.14
153.92
152.39
155.92
156.14
158.58
154.28
151.71
157.67
147.9
151.82
153.41
160.58
155.26
155.95
157.16
154.4
156.63
153.41
159.08
150.31
150.46
155.77
149.6
149.56
150.88
164.31
155.13
156
158.03
153.74
158.94
153.28
158.12
153.43
150.46
155.69
146.55
150.47
150.43
160.53
155.49
155.82
157.75
152.87
156
156
158.45
153.7
151.8
157.02
150.2
149.56
156.18
164.31
162.65
156.04
154.61
153.65
158.28
153.19
158.39
153.88
152.03
157.22
148.53
149.66
153.23
160.02
151.99
155.51
146.97
151.55
156
160.89
155.17
155.68
157.94
154.13
155.91
156
157.76
157.15
151.98
157.78
148.3
151.72
155.78
164.13
155.44
155.96
155.33
154.01
158.28
156.38
158.84
160.2
156.63
158.68
149.22
153.74
155.87
158.99
154.79
157.25
154.68
153.32
158.89
150.46
159.23
158.24
150.69
157.94
149.65
151.51
156
160.8
162.93
155.87
157.7
154.7
156.54
