100.32
99.16
99.33
99.01
99.03
98.92
98.62
98.97
98.93
99.09
99.06
98.95
98.9
99.01
98.89
98.95
99.09
98.98
99.03
98.81
98.81
98.98
98.92
99.01
98.92
98.86
99.12
99.01
98.95
98.95
99.23
99.12
98.7
98.92
99.06
98.86
99.04
98.98
98.95
99.06
99.01
99.01
99
98.95
99.2
99.09
98.81
98.92
98.92
98.98
98.81
99.01
98.92
98.86
99.23
99.12
98.84
98.95
98.9
99.01
99.03
98.92
98.95
98.86
99.04
98.98
99.17
98.95
99.34
99.01
98.78
99.06
98.98
98.87
99.03
98.92
98.92
98.98
99.03
99.01
99.25
98.86
98.9
99.01
98.95
99.06
99.01
99.12
99.03
98.92
99.06
98.86
99.26
98.98
98.84
98.95
99.01
99.23
98.89
99.06
98.76
99.09
98.92
99.03
99.14
99.2
98.81
99.01
98.92
98.97
99.01
99.01
98.95
98.95
98.9
98.9
99.14
98.92
98.84
98.75
99.04
98.87
99.06
98.84
99.41
98.95
98.95
99.01
98.95
98.84
98.81
98.98
99.09
98.98
99.03
99.09
98.89
99.09
98.86
99.23
99.12
98.84
98.95
98.9
100.52
99.64
99.34
99.35
99.03
98.71
98.95
99.48
99.06
98.63
99.56
98.6
98.53
99.7
99.48
98.61
98.64
99.45
98.95
99.26
98.64
98.74
99.26
99.37
98.95
99.27
99.62
99.23
98.53
98.72
98.95
99.24
98.92
99.19
99.06
98.42
98.95
98.56
98.56
99.19
99.15
99.37
99.48
98.61
98.53
98.85
98.95
99.37
98.53
99.51
99.59
99.48
99.06
98.39
99.4
99.56
98.53
99.08
99.06
98.99
98.98
99.08
98.95
98.42
99.06
99.45
99.45
98.6
98.64
99.7
99.26
98.5
98.53
98.85
99.06
99.26
98.53
98.96
99.37
99.15
99.06
99.05
99.62
99.56
98.64
98.28
98.84
99.13
99.03
99.3
98.95
98.53
98.84
98.67
98.45
99.19
99.26
99.37
99.15
98.39
98.53
98.63
98.84
99.59
98.5
98.56
99.3
99.59
98.31
98.42
99.29
99.37
99.05
98.61
99.26
98.64
98.63
99.59
99.37
99.06
98.39
99.06
99.56
98.53
98.39
99.06
99.24
98.92
98.71
99.59
99.7
98.95
99.23
99.34
98.93
98.53
99.48
99.09
99.51
99.59
99.16
98.95
98.53
99.37
99.38
98.95
99.48
98.84
98.39
99.4
99.67
98.53
98.39
98.5
98.77
98.98
99.3
98.78
98.89
99.06
98.89
98.89
98.98
98.98
99.06
99.04
98.86
99.03
98.95
98.98
99.12
99.01
98.78
98.95
99.09
98.98
98.81
98.84
98.92
98.98
99.03
99.23
98.92
98.97
99.23
98.98
98.73
98.95
98.78
98.89
99.09
98.98
99.06
98.95
99.26
98.98
98.84
98.95
99.01
99.23
98.89
99
98.7
98.92
99.2
98.87
101.08
98.81
99.73
98.95
98.67
99.48
99.51
98.95
98.66
98.98
99.19
98.64
98.42
98.84
98.56
98.67
99.3
99.48
98.42
98.92
98.61
98.53
98.74
98.95
99.48
98.42
98.74
98.53
98.53
99.06
99.4
98.61
98.56
99.59
99.4
99.29
99.35
99.03
98.49
98.95
99.48
99.06
99.45
98.67
98.97
99.59
98.64
98.53
99.29
99.48
99.27
98.5
99.04
98.4
99.24
99.59
98.39
98.53
98.74
99.29
98.42
99.37
99.27
98.42
98.42
99.06
99.29
98.95
98.45
99.37
99.51
98.95
98.99
98.87
99.3
98.95
98.53
98.95
98.56
98.45
99.08
99.48
98.53
99.48
98.39
98.64
98.63
98.95
99.37
98.31
98.63
98.95
99.15
99.06
98.39
99.4
99.45
98.31
98.61
98.95
98.99
99.09
99.3
99.06
98.64
99.06
98.56
98.98
98.71
98.53
99.37
99.15
98.39
98.53
98.63
99.4
98.31
99.37
99.38
98.53
98.42
98.95
99.4
99.4
99.56
98.53
98.28
98.84
99.13
98.92
98.82
98.95
98.42
98.84
98.56
98.56
99.3
99.26
98.53
99.03
98.39
98.53
98.74
99.06
99.48
98.53
98.74
98.84
98.31
98.95
99.18
98.5
98.56
99.15
99.51
98.5
98.66
98.87
99.41
99.06
98.53
98.95
876.85
98.98
98.98
98.98
98.65
1308.19
98.98
98.95
98.84
99.06
98.89
99.01
98.95
99.03
98.92
98.98
99.09
98.67
99.03
99.09
98.78
98.98
99.04
98.89
98.89
98.97
98.95
98.9
99.01
98.81
98.81
98.95
98.86
98.92
98.98
98.84
98.95
99.01
99.23
98.89
99.06
98.95
98.92
98.98
99.2
98.98
98.92
99.09
98.63
98.89
98.89
99.14
98.92
98.87
99.09
98.98
98.81
99.23
99.01
98.81
98.97
99.23
99.01
98.95
99.06
98.84
99
98.98
98.98
98.95
99.15
98.86
99.03
99.26
98.84
99.23
99.01
98.89
99.06
98.87
98.98
98.75
98.98
98.98
98.92
98.98
98.78
98.87
99.04
98.79
99.12
98.95
99.06
98.9
99.01
98.92
98.92
98.95
99.15
98.75
98.81
98.84
99.06
98.78
98.78
99.03
99.06
98.92
99.03
99.09
98.98
99.2
99.14
98.92
99.12
98.92
98.86
99.01
99.01
99.17
99.17
99.06
99.01
98.92
98.92
99.06
98.86
98.93
98.98
99.15
98.84
99.12
99.12
99
99.06
98.98
98.98
98.86
99.09
99.09
98.92
98.98
98.89
98.98
99.04
99.01
99.01
98.84
98.95
99.12
99.01
98.92
99.03
99.06
99.04
98.86
98.92
98.84
98.95
98.89
98.89
99.14
98.84
99.03
99.03
99.09
98.98
99.09
98.92
98.92
99.12
98.92
98.86
99.01
99.01
99.17
99.17
99
98.89
99.09
98.98
98.84
99.04
98.86
99.03
98.84
99.06
98.89
98.89
98.9
99.06
99.14
98.92
99.09
98.98
99.09
98.92
98.98
94.9
98.83
90.79
99.08
94.76
98.9
99.01
98.81
98.81
98.95
98.86
99.2
98.92
99.06
98.95
98.89
98.89
99.01
98.95
98.84
98.98
99.14
99.03
99.03
99.09
99.03
99.01
98.65
98.86
98.9
99.01
98.95
99.06
99.01
99.12
98.67
98.98
98.62
99.04
98.75
103.7
105.76
105.43
105.61
105.91
105.84
105.58
106.25
105.79
105.84
105.41
105.72
105.7
105.66
105.46
106.02
105.69
106.3
105.49
106.25
105.93
105.77
106.37
105.81
105.37
107.2
105.9
105.98
105.5
105.41
106.14
105.22
105.77
106.08
106.19
105.58
105.63
105.84
105.88
106.13
107.94
106.36
105.52
105.65
106.28
106.01
105.81
106.31
105.34
106.57
106.04
107.26
106.37
106.43
105.94
105.75
106.09
105.56
105.58
105.84
105.63
106.05
368.51
98.92
98.67
98.89
99.01
98.95
98.81
98.92
99.09
99.09
98.87
99.03
98.65
98.81
98.92
98.87
99
98.87
99.04
99
98.89
98.84
98.95
99.01
99.12
98.81
98.92
98.95
98.86
99.15
98.98
98.84
99.06
99.01
99.01
98.67
99.06
98.84
98.92
98.98
98.98
98.98
98.81
98.76
98.89
98.92
98.86
99.01
99.01
99.17
98.84
99.01
99.01
98.92
98.92
98.95
98.97
99.15
98.98
98.95
99.06
98.95
99.01
98.89
98.95
98.98
99.09
98.92
98.92
99.09
98.92
98.98
98.89
99.09
99.04
99
99
98.75
98.84
99.01
99.01
98.59
99.03
99.17
98.86
98.93
99.09
99.06
98.95
98.9
99.01
98.89
98.95
98.84
98.81
98.98
99.09
98.98
99.03
99.09
98.89
99.03
99.04
98.78
98.89
99.06
98.84
98.78
98.89
98.92
98.92
98.84
98.97
99.04
98.98
98.95
98.95
98.9
99.01
99.22
98.95
99.2
99.09
98.92
99.03
99.12
99.09
98.59
99.12
98.7
98.75
99.12
99.01
98.84
99.06
98.89
99
98.87
98.98
98.95
99.15
98.98
99.03
99
98.98
98.86
98.9
99.12
99.06
98.95
99.01
99.01
98.92
98.92
99.06
98.86
98.93
99.03
98.84
98.84
98.89
99
99.12
99.06
99.03
98.92
99.2
98.98
99.09
98.81
98.72
99.4
99.27
98.95
99.23
98.53
98.72
98.95
99.24
98.92
98.49
98.84
98.42
98.95
98.67
98.45
99.3
99.59
