61.8464
59.9912
60.8436
60.7549
61.1368
60.2882
61.1908
60.3384
60.8243
60.3499
59.9527
60.2767
60.3499
58.8342
59.9604
58.0319
61.1406
61.2178
58.0898
60.2188
57.2875
57.7773
60.2381
61.9159
59.8678
60.2574
58.4485
59.4397
59.9604
60.2034
61.2332
59.7984
58.0666
60.8436
57.6693
58.3482
58.0512
62.1627
59.8871
60.0838
60.7781
59.0733
62.4057
62.3864
58.6683
59.054
60.1841
61.2332
59.7058
60.5582
60.3538
59.6287
61.3026
60.5505
61.6035
59.8177
61.1098
59.6518
59.2468
61.9737
59.2584
59.7868
59.2198
61.5379
61.1329
61.1985
64.5232
61.7809
63.0691
63.7865
64.3805
66.9299
60.4194
60.5466
59.2083
62.047
62.2321
60.1301
60.7935
59.108
60.1879
63.7248
60.5814
59.5863
61.6729
59.8485
60.1532
58.4677
59.6171
60.9709
58.0319
61.2756
59.783
58.0319
60.6392
56.4698
57.7426
60.1339
62.02
62.8415
60.2227
58.298
58.7956
60.0838
59.0656
61.0442
60.5775
58.622
60.7549
56.6048
58.2402
59.1041
61.966
284.035
60.1687
61.9699
59.9565
60.2227
58.4485
58.8881
60.2188
59.1697
60.8822
57.9432
58.6722
60.2227
58.0165
58.4716
58.1553
62.0393
62.857
60.1378
60.9285
59.0656
60.1339
58.1013
61.1406
60.4541
58.1245
60.2882
56.4197
58.1939
60.2034
62.02
59.972
60.2574
58.4485
58.919
60.1687
60.1339
61.2679
61.291
57.9972
60.7395
56.628
57.7928
57.9818
61.9853
62.8068
60.2921
59.7483
58.8342
59.9951
57.9972
61.2448
59.5245
58.784
60.7549
56.5431
57.7542
58.0898
62.0856
59.8331
60.2921
58.4485
59.6133
60.0645
60.0645
61.3026
61.0133
57.9972
60.6392
57.3376
57.9509
60.2034
62.1241
62.7721
60.1532
60.0954
59.4127
61.372
60.1687
61.3605
57.8892
58.1438
60.0491
57.8776
57.7195
58.1939
61.912
59.9372
60.1185
58.5179
60.6778
59.891
60.1841
59.5053
58.7184
61.372
59.135
60.9709
59.3818
58.5834
60.2767
57.1834
58.1052
59.1003
61.9699
62.7875
60.0992
59.9951
58.8419
60.0144
59.135
60.8359
61.2023
58.6567
60.8591
56.6974
58.2672
58.0898
61.8773
59.972
60.1185
58.4137
59.3394
60.2535
59.2083
61.0056
58.8264
58.6182
60.3962
57.9123
58.5757
58.1206
63.3044
59.9912
60.2574
59.3664
59.1813
61.129
59.135
60.8166
59.3163
58.5757
60.6161
58.1399
58.1013
58.1592
61.9814
59.9372
60.0992
58.3983
59.3047
61.2833
58.0319
61.4145
61.0326
58.0512
60.4001
58.0512
58.5757
58.1206
62.0393
62.857
60.1378
60.9632
59.2044
60.2381
58.0319
61.453
58.2325
58.0898
59.9758
58.0859
57.8506
58.0898
62.0856
59.8331
60.0491
58.4485
59.0579
61.372
58.7956
59.1041
61.4183
59.9025
60.1879
58.4832
58.8881
60.2535
60.2227
61.0596
57.9239
58.1013
60.7395
57.8776
58.2787
58.19
62.3054
59.8832
60.2574
60.8243
59.6673
60.3769
58.0666
61.453
59.3163
58.0936
59.9758
58.0859
57.9972
60.1687
62.02
59.972
60.0992
58.4832
58.8496
60.2381
61.3065
60.1147
60.6739
59.8562
61.345
60.3345
61.2563
60.5698
60.9208
60.2882
60.9825
59.8562
61.264
60.3731
61.2563
60.3769
61.0403
60.1609
60.8051
60.0144
61.0866
60.7202
59.756
60.0954
59.3818
59.0077
61.0596
59.135
61.183
58.1823
58.6914
60.6508
57.1139
57.6848
59.243
62.0354
59.9218
60.1879
58.5179
59.2353
60.0105
59.135
60.7781
58.1515
58.568
60.0337
61.9159
63.9408
60.7858
64.6582
62.1511
61.939
64.5116
63.6284
60.5428
61.0018
60.1918
62.236
61.6613
61.1753
61.6806
59.0347
62.2013
58.1399
59.2623
59.4706
61.0943
59.6827
60.1185
61.1715
59.4474
60.9902
59.1003
60.9015
59.756
58.5873
60.1378
59.1774
59.702
58.811
60.0298
57.9972
61.3489
59.864
58.5834
60.6855
57.9663
58.379
58.0898
61.8773
59.3008
60.0182
61.1908
60.8128
60.6431
59.6094
60.3962
60.2034
61.3026
60.3538
58.0666
60.9516
57.8583
58.5757
60.2034
61.9506
62.8415
60.3268
58.3327
59.6287
60.3615
59.135
61.1483
57.9393
58.6567
60.6161
58.028
58.0319
59.1736
61.8966
59.918
60.0298
58.4485
59.0077
60.1687
59.1697
60.7781
57.9085
58.6374
60.2419
57.9818
58.3829
58.0203
62.02
62.803
60.1185
59.4937
58.7956
60.9902
60.1687
60.7973
60.107
58.7146
60.6855
57.2721
57.6848
58.1939
61.9814
59.9025
60.2921
58.4485
59.6133
60.0645
60.0645
61.3026
61.0133
58.0512
60.7395
56.628
57.7928
57.9818
62.02
62.803
60.1185
58.3173
59.0193
61.129
99.6486
61.3296
60.0645
61.048
60.3538
60.9516
60.3229
61.291
60.3075
61.3528
59.8138
60.9593
60.1687
61.1213
59.8832
61.0635
60.3769
61.0056
60.3924
61.048
60.5158
61.0018
60.2959
61.1329
60.4618
61.1985
59.918
61.0982
60.2381
61.2409
59.8832
61.0288
60.1687
61.2293
59.9874
61.0288
60.4117
61.0056
60.2959
61.1329
60.4618
61.1985
59.918
61.0982
60.2381
61.318
59.9488
60.9941
60.4965
60.9902
60.1609
60.9246
60.4117
60.7202
60.2304
61.237
60.3422
61.2293
60.0568
61.0982
60.3769
61.318
59.9488
60.9941
60.4965
60.9902
60.1609
60.9246
60.4117
60.7202
60.2304
61.237
60.3422
61.2293
60.0568
61.0982
60.3769
61.318
59.9488
60.9941
60.4965
60.9902
60.1609
60.9246
60.4117
61.2486
59.9835
61.2023
60.2188
61.3026
59.81
60.2227
61.0365
59.2083
61.3065
61.21
61.3605
59.0309
62.3826
58.0859
59.0501
59.4088
61.1445
59.7444
60.0452
60.4232
59.6673
61.3373
59.1697
61.183
58.3559
58.5873
60.5119
58.1206
58.0319
59.1736
61.8966
59.9372
60.2921
58.4137
58.8881
60.3577
59.135
60.9863
59.6788
58.0666
60.8783
58.0859
58.5565
58.1206
61.9506
62.8377
60.1532
58.352
59.6094
61.3373
59.1697
61.0596
58.3713
58.6953
60.6855
57.7002
57.6848
58.1939
61.8966
59.8832
60.1879
58.5025
59.4088
60.0491
60.2034
61.0596
58.0975
58.1013
60.6354
57.7388
58.1399
58.2517
62.0393
62.857
60.1378
60.9285
59.5978
61.372
59.1003
61.3605
57.9239
58.2132
60.0838
57.4611
57.6848
58.1939
62.0007
59.9951
60.2034
58.4137
59.3896
61.2679
59.0656
61.1445
61.2216
60.7048
59.6865
60.6315
60.2149
59.6325
60.3075
58.1013
61.3489
59.4551
58.163
60.0452
57.5999
57.6848
60.2381
61.9159
59.8678
60.1378
58.379
58.8881
60.3229
59.1697
60.9169
59.1234
58.6374
60.3268
57.4109
58.2093
58.0512
61.9159
62.7683
60.2227
60.2227
58.7184
60.9902
60.1687
61.0828
61.3258
58.1438
60.3615
56.871
58.1283
59.1736
61.8966
61.3913
60.1147
58.028
57.8236
59.1736
62.02
59.8678
60.1687
60.9516
59.297
61.4492
58.1399
61.1715
59.5091
57.9972
60.2419
56.9558
58.5565
58.1206
61.9853
59.8678
60.1147
59.3896
58.8226
61.0288
58.0319
60.8321
61.3065
58.6182
60.5081
57.3724
57.6848
58.1939
62.3054
59.7984
60.1879
60.7048
58.9499
61.0828
59.1196
60.9516
59.4898
58.0666
60.2574
58.0859
59.0193
58.2209
60.8398
57.9586
58.298
58.19
62.1087
59.9025
60.0452
60.2227
58.7184
61.0095
59.0309
61.1869
60.1802
58.0319
60.0452
57.7195
57.6848
58.1939
63.3738
59.8331
60.1687
60.9516
58.811
60.0684
60.2227
61.129
59.54
58.6374
60.9516
58.0512
57.8545
60.0645
61.9853
59.918
60.2188
60.5698
59.189
61.3412
60.2034
60.9169
60.0568
58.5834
60.7164
56.9211
58.5179
58.0203
61.8117
60.9671
61.4839
58.3559
62.3131
57.5189
59.2584
60.0838
61.1638
59.6865
60.6469
61.1522
59.135
61.2872
59.1003
61.3605
59.5284
58.5834
60.6122
56.4351
57.9972
58.0898
62.2707
59.972
60.1648
61.0558
59.4358
61.4492
58.1052
61.2756
59.2468
58.514
60.1378
56.5971
58.001
59.0656
62.074
59.8832
60.1494
60.9169
59.3973
60.3769
60.1687
112.878
58.6567
60.3808
57.7696
58.3135
58.1553
61.9506
59.8678
60.0992
59.7675
59.4474
60.2728
60.2381
60.8282
59.5245
58.6182
60.7356
56.5084
58.2055
60.1687
63.3391
59.9527
60.2227
59.3664
58.7763
60.1378
60.2227
61.1638
59.5053
58.514
60.8128
57.0445
58.5565
59.1697
61.9352
59.8832
60.1494
60.6161
59.5515
60.4117
59.1697
61.3566
57.974
58.0319
60.08
57.7002
57.6848
58.1939
63.3738
59.8331
60.1687
60.9516
59.297
61.3026
59.1196
60.9863
59.1774
58.0319
60.0491
56.5238
58.0358
58.0203
61.9159
59.972
60.0992
60.8436
58.9614
60.1687
60.1687
61.1136
59.2816
58.5487
60.5621
57.9316
57.6848
60.2381
63.3738
62.7335
60.1841
59.6325
59.2623
61.048
59.0849
61.0905
59.351
58.6374
60.6392
57.2875
57.7233
59.1003
61.7192
58.622
59.9797
56.6858
58.4523
60.1687
62.0547
59.8485
60.0452
60.9169
59.4474
60.1339
60.1687
60.8475
60.6122
58.6182
60.8552
57.1988
58.5179
60.0838
63.3044
59.9527
60.1532
59.9102
59.4011
61.048
60.3152
61.264
61.7886
60.4117
61.2023
57.5536
59.297
60.1185
61.3219
59.702
60.6508
59.6595
59.135
61.2833
58.0319
61.4145
61.0326
58.1206
60.9169
57.7195
58.4369
60.1687
62.02
62.8415
60.1185
60.8243
59.6673
60.3769
