31.6773
30.9444
31.2183
31.0563
31.145
30.9136
31.2376
31.0254
31.6734
30.8866
31.091
30.983
31.253
31.145
31.2646
31.0254
31.2144
30.7284
31.1874
30.7786
31.2877
30.956
31.2954
30.8634
31.4458
31.0254
31.2298
31.1836
31.4844
31.091
31.1681
30.9174
31.0833
31.2183
30.7979
31.1489
30.9097
31.1373
31.2877
31.1913
30.9329
31.5114
30.875
31.361
30.9444
31.4266
31.0254
31.2298
31.0601
31.28
30.7439
31.3263
31.1257
31.2877
31.1257
31.1141
30.8982
31.172
31.0177
31.145
31.1064
31.2568
30.8982
31.3996
30.9599
31.2838
30.8017
31.1566
30.9676
31.5924
30.7786
31.3263
30.9059
31.5461
30.9753
31.2453
30.9329
31.091
31.1797
31.1103
30.902
31.3108
30.9174
31.5384
30.9791
31.2144
30.8673
31.3378
30.9367
31.1797
30.8827
31.199
30.929
31.4111
31.1103
31.1604
30.9367
31.415
30.8364
31.3571
30.8557
31.4458
31.0409
31.1797
30.9444
31.4883
30.9367
31.4227
30.7593
31.2414
31.1257
31.1797
31.037
31.2838
30.9907
31.0717
31.0061
31.3417
31.0216
31.199
30.9637
31.2183
30.9174
31.3571
30.7979
31.2337
30.7632
31.5654
31.037
31.1681
31.145
31.2491
30.9791
31.2067
30.8172
31.3996
30.8133
31.3263
30.8712
31.3726
31.1489
31.1836
31.1759
31.1681
30.8326
31.1643
30.9136
31.2684
31.0987
31.5461
31.0216
31.4613
30.7979
31.2337
30.9367
31.1836
31.1411
31.1643
31.2491
31.4304
30.8326
31.2414
30.8866
31.2954
30.9521
31.4304
30.8442
31.1836
31.1296
31.2298
31.0949
31.2453
30.848
31.1874
31.0524
31.2684
30.7863
31.4497
31.1103
31.1604
30.9367
31.1296
31.2144
31.4728
31.1489
31.4844
30.8557
31.2723
30.713
31.1103
30.9251
31.3533
31.0794
31.3147
30.8982
31.253
30.8557
31.2221
30.983
31.3996
31.1064
31.2376
30.848
31.0524
30.7439
31.3726
31.1026
31.4806
31.0216
31.2684
30.659
31.253
30.956
31.3533
30.7747
31.0794
31.0563
31.0756
31.0409
31.3456
30.8172
31.4458
30.9676
31.3224
30.8904
31.2568
31.01
31.145
31.1141
31.2838
30.848
31.2607
30.9174
31.1836
31.0331
31.2029
31.0563
31.3263
30.9444
31.2106
30.8364
31.1141
30.9483
31.2877
31.0216
31.2723
30.8673
31.3533
30.9251
31.1604
30.9907
31.5808
30.8442
31.3764
30.9059
31.1797
31.0794
31.3957
31.1951
31.253
30.9984
31.1836
30.7477
32.0591
31.3186
30.8519
31.3108
30.9174
31.5384
30.8712
31.3378
30.8982
31.2376
31.1489
30.9059
31.118
30.9367
31.4111
30.9251
31.2221
30.9059
31.2491
31.1489
31.4651
31.0563
31.469
30.9869
31.1836
30.9521
31.2029
30.9444
31.2337
30.9907
31.118
30.8364
31.3918
30.7747
31.0794
31.0563
31.0756
31.0409
31.2838
31.1836
31.3494
30.9676
31.3224
30.8904
31.2568
31.01
31.3263
31.0794
31.3186
31.0524
31.2761
31.1604
31.3918
30.848
31.3263
30.6899
31.2723
31.1296
31.1951
31.0794
31.3108
30.8904
31.2029
30.9174
31.2144
30.9251
31.1103
31.0447
31.28
31.0717
31.442
30.8094
31.3803
31.0216
31.1951
30.956
31.388
30.7284
31.0871
30.848
31.1489
31.2067
31.1681
31.0216
31.5808
30.7979
31.199
30.9213
31.2453
30.74
31.3456
31.0331
31.253
31.145
31.5268
30.9251
31.1951
30.9213
31.1643
30.6706
31.2761
30.9521
31.3456
30.9213
31.307
31.1141
31.1681
31.0756
31.3108
31.0563
31.1874
30.9213
31.1141
30.9059
31.2067
30.9637
31.1836
30.8133
31.1643
30.8557
31.3803
30.9714
31.0563
30.7632
31.2414
30.9406
31.6348
30.9251
31.199
31.0756
31.4304
30.9367
31.3803
30.7824
31.3108
31.1103
31.172
31.0216
31.0756
31.1064
31.1797
30.8172
31.2723
30.7979
31.199
30.983
31.3031
30.9251
31.3456
31.1797
31.4073
30.7979
31.1643
30.9714
31.253
31.0717
31.307
31.1797
31.1797
30.9444
31.1064
30.902
31.2144
30.9329
31.2877
30.8789
31.2877
31.1643
31.091
30.956
31.2106
30.8827
31.3263
31.1604
31.3378
30.9637
31.2183
31.091
31.2183
30.8673
31.3726
30.9367
31.6695
30.9251
31.199
31.0756
31.4304
30.9367
31.3803
30.7824
31.3108
31.1103
31.172
31.0216
31.226
30.9329
31.2877
30.794
31.6734
31.0061
31.1797
30.9791
31.3147
30.8673
31.2838
30.6899
31.4844
30.9869
31.388
31.0023
31.2838
30.956
31.0717
31.0061
31.3417
30.8827
31.0601
31.0563
31.6001
30.7593
31.2414
30.7747
31.4806
31.1296
31.2568
30.8673
31.253
30.9097
31.172
30.9907
31.1411
31.0023
31.1643
31.1527
31.1874
31.0139
31.2221
31.0254
31.2993
30.9059
31.2414
30.929
31.3918
30.7439
31.199
30.929
31.7313
30.9444
31.4073
30.9329
31.2029
31.1643
31.2568
30.9367
31.4188
31.0293
31.1797
31.1489
31.0871
31.0717
31.199
31.0486
31.4844
30.9059
31.442
31.1141
31.28
31.037
31.2029
30.8673
31.415
31.0563
31.0601
31.0331
31.5307
30.9521
31.3224
30.6937
31.2106
31.037
31.1836
30.8287
31.2954
30.821
31.1797
31.1489
31.3108
30.9136
31.1681
30.9174
31.469
30.8827
31.496
30.9637
31.3764
30.9791
31.3031
30.7824
31.253
31.0563
31.253
30.9676
31.2723
30.848
31.1797
30.9946
31.2144
30.9753
31.4188
30.9329
31.307
30.8904
31.2568
31.01
31.145
31.1141
31.2221
30.9869
31.388
30.8827
31.5654
31.0679
31.6888
30.9869
31.2684
30.8673
31.3726
30.9213
31.3494
30.9136
31.2067
31.1026
31.2183
31.0409
31.1103
30.9599
31.4381
30.7824
31.1643
30.8094
31.4844
30.9521
31.2607
30.9329
31.1681
30.9174
31.469
30.8827
31.496
30.9637
31.0409
30.9676
31.5191
30.9444
31.2106
30.9753
31.3918
30.74
31.3108
30.7439
31.2144
30.9599
31.1797
31.1141
31.2106
31.0023
31.3031
30.9946
31.3263
30.8712
31.145
31.0447
31.361
31.0216
31.2607
30.9869
31.3224
30.8133
31.226
30.9714
31.1797
30.8673
31.3571
31.1373
31.3224
30.9521
31.5654
30.9367
31.3378
30.902
31.3224
30.8634
31.2029
31.1103
31.2838
31.0139
31.1759
30.8673
31.3456
31.1797
31.2761
30.9521
31.4574
30.9676
31.1103
30.6783
31.3533
30.9521
31.2916
31.0216
31.0949
30.9984
31.2877
30.9521
31.2838
30.9367
31.5808
30.902
31.3918
31.0023
31.3764
31.0061
31.1103
30.902
31.6233
30.9907
31.469
30.7439
31.4304
30.9059
31.2761
30.8172
31.3571
30.9753
31.2761
30.8943
31.3918
30.7092
31.307
31.0987
31.3803
30.9367
31.334
30.7979
31.3456
30.9059
31.1489
30.8557
31.0601
31.0061
31.6734
30.7979
31.2761
30.8866
31.4844
30.9714
31.4844
30.9869
31.2144
30.8982
31.3533
30.8866
31.3186
30.7439
31.3263
31.1257
31.3378
30.9637
31.2183
31.091
31.2568
30.8712
31.4998
30.7979
31.1681
30.6706
31.2568
30.9483
31.1527
31.0023
31.2376
30.848
31.0871
30.848
31.1489
31.2067
31.1103
31.037
31.2414
31.0486
31.3147
30.7323
31.2183
30.8789
31.3803
30.8133
31.388
30.9599
31.145
31.0447
31.0023
31.2106
31.3378
30.74
31.2761
31.0216
31.2646
30.8866
31.3533
30.902
31.2607
30.9174
31.1836
31.0331
31.2029
31.0563
31.2337
30.7979
31.2684
30.9869
31.3571
31.0023
31.1334
30.8827
31.0756
30.8904
31.2144
31.1141
31.2453
31.0717
31.253
30.9946
31.3263
30.8712
31.4651
31.253
31.2144
31.0177
31.3803
30.8827
31.253
30.9174
31.3263
30.8634
31.4806
30.9907
31.091
31.1141
31.3803
30.9599
31.2376
31.0563
31.145
31.145
31.3456
30.8519
31.4998
30.7979
31.2723
30.9946
31.3263
30.8712
30.8827
31.5731
30.902
31.253
31.0023
31.3764
31.0061
31.2144
30.9444
31.3494
30.8673
31.145
31.172
31.1874
31.0139
31.2221
31.0254
31.01
30.8364
31.6927
31.0023
31.1836
30.8673
31.4497
31.0216
31.2954
31.0139
31.2337
30.8519
31.2761
30.8364
31.253
30.8904
31.1643
31.2491
31.4304
31.1681
31.3648
31.0717
31.3378
30.8403
31.361
30.9097
31.2221
31.0756
31.0563
30.8866
31.1064
30.9174
31.2221
31.1604
31.199
30.875
31.4613
31.0216
31.2183
30.8326
31.2684
30.8326
31.4266
30.8634
31.2029
31.1103
31.2838
31.0139
31.1759
30.8673
31.1103
30.9637
31.2568
30.9444
31.2221
30.8519
31.2877
31.1141
31.2414
30.9676
31.3918
30.6744
31.1643
31.091
31.253
30.8634
31.2761
30.8866
31.2337
30.9367
31.1836
31.1411
31.3417
31.0756
31.2144
30.7439
31.3533
30.7747
31.0794
31.0563
31.0756
31.0409
31.3456
30.8866
31.3263
30.8326
31.2029
30.6359
31.1527
30.983
31.3996
30.956
31.388
30.7284
31.2568
30.9174
31.2183
31.0061
31.199
30.7709
31.1296
31.0601
31.2183
30.9869
31.3571
31.0023
31.1334
30.9059
31.3803
30.7477
31.2029
31.1296
31.2221
31.199
31.1951
31.091
31.253
30.9329
31.6888
31.0794
31.3186
32.8883
31.0061
31.2723
31.0254
31.1874
31.1296
31.2993
31.0871
31.253
30.9329
31.2144
31.1141
31.4651
30.9869
31.3918
30.929
31.307
30.8519
31.3263
31.0216
31.1643
30.7632
31.1836
30.7824
31.28
30.8442
31.2183
31.0563
31.145
31.145
31.3456
30.8519
31.4998
30.7979
31.1836
30.6822
31.1874
