30.335
29.2859
29.984
29.6562
29.7912
29.1548
29.9069
29.8992
29.6022
29.2782
29.9069
29.7758
29.5984
29.4209
29.8028
29.6948
29.7372
29.2975
29.9301
29.7642
29.8066
29.4325
29.9069
29.6716
29.4595
29.7758
29.7642
29.8105
29.7719
273.555
29.1972
29.9108
29.7951
29.5906
29.4826
29.8915
29.6755
29.5019
29.2474
29.2281
29.8413
29.7256
29.5598
29.4132
29.9262
29.6755
29.6061
29.2937
29.7681
29.7449
29.6176
29.6176
29.9416
29.8645
29.7873
29.2474
29.7912
29.8336
29.6524
29.6138
29.9069
29.8298
29.6678
29.7063
29.9031
29.6716
29.6562
29.3129
29.7488
29.7603
29.7912
29.1201
29.7681
29.9185
29.7179
29.1394
29.8491
29.7179
29.5829
29.2281
29.8066
29.7411
29.7873
29.2821
29.8953
29.8683
29.5289
29.3631
29.8375
29.8722
29.5636
29.3515
29.9031
29.8298
29.5636
29.4132
29.8568
29.6909
29.7218
29.0854
29.9763
29.8298
29.5675
29.8066
29.8683
29.7642
29.6331
29.2821
29.9416
29.8683
29.7372
29.3631
29.7835
29.6909
29.3939
29.2628
29.8529
29.7912
29.7411
29.2667
29.6639
29.6369
29.7025
29.7025
29.8028
29.8645
29.5829
29.5945
29.8722
30.0303
29.6022
29.6678
29.7295
29.8452
29.6871
29.6871
29.8066
29.8336
29.7873
29.3515
29.9301
29.7989
29.7719
29.3631
29.8722
29.9378
29.5984
29.4904
29.9031
29.6215
29.5636
29.3438
29.7526
29.8336
29.6176
29.7333
29.9416
29.8066
29.7603
29.3785
29.9108
29.7449
29.8259
29.6524
29.7333
29.6562
29.6485
29.3862
30.0342
29.8336
29.4441
29.5444
29.7681
29.7603
29.8066
29.7063
29.6601
29.8105
29.7719
29.6331
29.8028
29.8298
29.5482
29.8028
29.8722
29.8568
29.6022
29.8066
29.7642
29.7063
29.6176
29.7218
29.9416
29.7218
29.5791
29.6331
29.8992
29.7603
29.4286
29.1934
29.9223
29.8683
29.5289
29.4556
29.7642
29.7951
29.5636
29.3438
29.7873
29.9725
29.5482
29.6986
29.9416
29.6331
29.6562
29.3438
29.9108
29.5945
29.5482
29.3322
29.9802
29.7603
29.5019
29.3322
29.8568
29.6948
29.6331
29.2281
29.9416
29.6909
29.6446
29.1779
29.7873
29.6678
29.8452
29.1934
29.8221
29.7951
29.6022
29.6138
29.8028
29.6524
29.6832
31.7274
30.0689
29.7411
29.6446
29.4479
29.8799
29.7295
29.6524
29.4016
29.7835
29.7179
29.6562
29.3515
29.8568
29.8452
29.8298
29.2744
29.8568
29.7565
29.7179
29.4518
29.7488
29.8683
29.7912
29.4171
30.5857
30.0226
29.6601
29.6678
30.0226
29.8838
29.6369
29.5559
29.7719
29.7796
29.8645
29.7025
29.9031
29.7835
29.5984
29.6022
29.6138
29.9108
29.7141
29.8143
29.7758
31.577
29.7218
30.9406
29.3862
29.2821
29.7796
29.6138
29.2975
29.8375
29.6562
29.6061
29.3361
29.7681
29.6948
29.7218
29.1432
29.8452
29.7063
29.5559
29.2435
29.9108
29.7603
29.5868
29.2628
29.7835
29.9223
29.5829
29.7758
29.984
29.6639
29.6215
29.2744
29.8221
29.7758
29.6408
29.2975
29.8336
29.8491
29.7912
29.4016
29.8375
29.6215
29.4441
29.7873
30.1075
29.8105
29.6948
29.1741
29.7295
29.7102
29.7411
29.2628
29.7835
29.7063
29.6755
29.2975
29.8143
29.7411
29.7873
29.7025
29.9262
29.6716
29.5366
29.2975
29.8683
29.6755
29.7565
29.3322
29.9223
29.8915
29.6215
29.3168
29.8221
29.7411
29.6909
29.2782
29.9802
29.7256
29.5521
29.2512
29.8953
29.9069
29.6678
29.3322
29.9069
29.7951
29.6793
29.3515
29.8529
29.7758
29.5984
29.6331
29.9416
29.7256
29.4441
29.6986
30.0496
29.8491
29.6832
29.2435
29.8143
29.7179
29.4094
29.0892
29.7681
29.6601
29.5096
29.7372
30.038
29.8298
29.5328
29.2975
29.8375
29.7603
29.7025
29.6369
29.9725
29.7063
29.7719
29.7719
29.8182
29.8298
29.6871
29.0854
29.9069
29.7256
29.6022
29.8066
29.8876
29.8105
29.7912
29.8259
29.8375
29.7951
29.6138
29.3168
29.8182
29.7488
29.7719
29.2281
29.8375
29.7951
31.3301
29.9031
29.5984
29.6292
29.7719
29.7526
29.6524
29.3168
29.7333
29.7951
29.5521
29.3168
29.8221
29.7603
29.6369
29.6832
29.8722
29.8298
29.5135
29.2975
29.9455
29.8683
29.6524
29.4518
30.0496
29.7565
29.4942
29.4479
29.8413
29.6022
29.6832
29.2281
29.7642
29.8375
29.6138
29.6524
29.3168
29.8028
29.7256
29.5135
29.6485
29.9339
29.6369
29.7951
29.3785
29.8568
29.7565
29.7179
29.3824
29.7141
29.7989
29.7912
29.4865
29.8413
29.7218
29.7719
29.2435
29.7873
29.7951
29.5289
29.5945
29.9455
29.7526
29.6871
29.3168
29.8028
29.7102
29.5251
29.3824
29.7526
29.7526
29.6369
29.3129
29.7719
29.8298
29.6022
29.6678
29.8915
29.8645
29.8259
29.2474
29.6601
29.7218
29.6331
29.2782
29.8221
29.6909
29.5289
29.6639
29.8761
29.6408
29.4634
29.7218
29.7989
29.6099
29.5945
29.4518
30.0303
29.8645
29.6909
29.4132
29.9956
29.6176
29.6138
29.3477
29.8529
29.7411
29.8259
29.3862
29.9378
29.7758
29.7873
29.7372
29.8568
29.9571
29.5791
29.2628
29.9223
29.8298
29.6755
29.3361
29.8722
29.8143
29.6524
29.2474
29.7526
29.7063
29.7951
29.4479
66.9839
29.6369
29.6292
29.1741
29.7295
29.7102
29.7411
29.2628
29.7835
29.7719
29.6176
29.6716
29.9146
29.6986
31.5615
29.6871
29.4711
29.8028
29.8529
29.5945
29.7835
29.8182
29.5829
29.8452
29.9493
29.8645
29.5984
29.4209
29.9416
29.6716
29.8066
29.3091
29.984
29.8336
29.5829
29.5058
29.8529
405.429
30.011
29.7796
29.6022
29.3862
29.8375
29.6909
29.6176
29.5791
29.9339
29.7758
29.6254
29.1741
29.7295
29.7102
29.7411
29.2628
29.7835
29.7063
29.6755
29.2975
29.6755
29.7951
29.4595
29.2474
31.712
29.8375
29.7179
29.4981
29.3669
31.415
29.7758
29.6485
29.8259
29.7218
29.6176
29.6678
29.4171
29.7488
29.9223
29.5829
29.7758
29.984
29.6639
29.6948
29.4132
29.8761
29.8452
29.6138
29.2281
29.8182
29.6909
29.6022
29.5829
29.9378
29.8182
29.6986
29.4518
29.8221
29.6485
29.7411
29.2397
29.9609
29.6176
29.6485
29.4518
29.8182
29.9571
29.5328
29.7411
30.0535
29.5598
29.5521
29.2744
29.9108
29.8105
223.515
29.4634
122.505
29.8182
29.8491
29.6678
29.5019
29.9763
29.9763
29.5984
29.4904
29.9031
29.6215
29.5636
29.3438
29.7526
29.7603
29.6871
29.1201
29.8722
29.6562
29.6022
29.7372
29.9031
29.6562
29.6601
29.4016
30.1345
29.6678
29.3438
29.9262
29.7565
29.6369
29.4016
29.7141
29.8452
29.6061
29.2975
29.6755
29.7951
29.6485
29.1741
29.9262
29.7603
29.5636
29.5598
29.9108
29.5444
29.5366
29.6871
29.7295
29.7835
29.6986
29.5212
29.7873
29.6832
29.6986
29.1394
29.8336
29.8491
29.8105
29.3322
29.9223
29.5675
29.8452
29.4171
29.9455
29.7912
29.8066
29.2088
29.9262
29.7256
29.3554
29.5945
29.9802
29.5444
29.7912
29.2821
29.9763
29.7603
29.6562
29.2821
29.8915
29.7256
29.4634
29.6485
29.8028
29.7951
29.7256
29.2628
29.7835
29.8105
29.6061
29.1934
29.8491
29.7951
29.7565
29.7025
29.7526
29.7063
29.4672
29.1587
29.8683
29.6755
29.8259
29.2821
30.3119
29.5675
29.4016
29.8761
29.6524
29.7719
29.2937
29.7372
29.6369
29.6485
29.2281
29.7488
29.8298
29.6408
29.7372
29.9031
29.9069
29.6215
29.1779
29.9455
29.6562
29.7102
29.2474
29.7912
29.9378
29.8066
29.3631
29.9069
29.8452
29.4248
29.3014
29.9262
29.7063
29.5174
29.1741
29.8529
29.7951
29.6871
29.3091
29.9609
29.7449
29.6408
29.2589
29.9763
29.8452
29.7372
29.2474
29.9069
29.8683
29.5984
29.5019
29.7488
29.8182
29.7025
29.8066
29.7681
29.6562
29.5289
29.8105
29.9031
29.8452
29.7719
29.2821
29.9108
29.7256
29.5829
29.1047
29.9802
29.7449
29.7179
29.8761
29.7642
29.7063
29.6176
29.7218
29.9416
29.7256
29.7873
29.8066
29.9686
29.6562
29.6369
29.3669
29.7141
29.8259
29.7411
29.8105
29.9031
29.8452
29.7719
29.7372
29.7333
29.7603
29.5135
29.2975
29.8761
29.8838
29.7179
29.2435
29.9108
29.8298
29.6948
29.2474
29.8066
29.8298
29.4672
29.0198
29.9609
29.8529
29.5829
29.3669
29.9763
29.6369
56.7861
29.7951
29.7912
29.4479
29.7526
29.7449
29.5521
29.1587
29.9455
29.6601
29.6871
29.4171
29.9455
29.6176
29.6562
29.4826
29.9802
29.8105
29.6485
29.3322
29.8182
29.7411
29.7565
29.2821
29.9069
29.8645
29.4788
29.7526
29.9339
29.7951
29.6369
29.6832
29.8722
29.8298
29.6022
29.6678
29.8915
29.5791
29.7912
29.4865
29.9455
29.6524
29.7719
29.3129
29.8568
29.7951
29.5289
29.5945
29.9455
29.7526
29.6871
29.3168
29.8028
29.8298
29.7565
29.2474
29.8915
29.7063
29.7603
29.3438
29.9262
29.6871
29.5791
29.4171
29.8182
29.8182
29.6176
29.8105
29.7063
29.8298
29.4595
29.3862
29.8375
29.6369
29.7372
29.3438
29.984
29.8336
29.8259
29.4364
29.9223
29.9956
29.6562
29.1085
29.8568
29.7526
29.6678
29.1741
29.7295
29.7102
29.7411
29.2628
29.7835
29.7063
29.8259
29.3862
29.9378
29.6485
29.2281
29.984
29.8491
29.8606
29.3515
29.8722
29.8298
29.5829
29.6138
30.038
