329027
233084
237353
227476
229582
228232
253576
227634
226695
226961
227823
226483
227280
226952
226600
228719
227426
226645
226877
226916
227422
227061
227207
227507
227033
284020
230738
228794
227826
227349
227691
227571
226418
226962
227024
226612
227042
229246
226797
227328
226893
227664
227189
227841
227658
227432
229251
226722
228049
270820
227927
263906
227538
227057
227242
227064
227777
227366
227223
229677
227294
226469
227701
227331
227000
226894
227178
227030
226763
227312
228513
227795
227070
227059
226603
227029
227352
262783
229333
227381
228852
227089
226952
226600
227305
228043
227388
226225
227082
227602
226455
228587
227765
319009
227303
227287
227606
229169
227291
227383
227394
226693
228894
260482
227786
227357
227176
226699
227434
227334
227046
227178
227731
228690
228657
226596
226489
227157
227138
227099
227158
227381
227268
227232
228851
227228
226636
226878
226962
254160
229071
226964
227660
227198
229134
228476
267192
228616
226914
227779
227315
226651
226773
227605
227125
228895
227280
227568
227942
228190
227690
227110
227059
226976
226848
257237
231054
227959
251316
226939
227606
227865
226392
227154
227615
227531
228105
231539
227287
227702
228180
229596
226799
227462
227332
227450
226905
227324
228670
265680
227729
256609
229633
227680
228090
227503
228887
227038
226504
229223
226824
226811
226857
226967
226609
226859
226705
228033
226625
227682
228660
228403
227343
227337
227035
227206
227228
249391
233389
226907
227655
229675
227505
227350
227181
227359
226603
227479
227564
227845
227674
227135
228173
251182
227933
227191
227222
227277
226764
227114
227315
227859
227488
228942
257301
227393
227817
226611
227315
227307
226712
227230
226954
226623
229567
228657
227655
226905
226860
226693
226330
226861
227470
226841
227707
228271
226789
227118
228153
226906
255372
227632
226558
227012
226878
228362
255926
227648
227063
227216
226703
228199
227293
226740
226845
226912
228398
226655
227027
226947
226577
226736
227764
226817
227250
226899
269854
253080
228401
227278
227333
226946
226475
227146
226739
226455
226915
226945
228048
227443
227463
226902
227703
227034
227052
226843
233064
227766
228965
228648
275608
227764
259421
228181
227487
227124
227292
227134
226965
227667
229319
226449
227104
227419
226499
227618
227309
226639
226819
227103
226849
228253
228035
227256
226829
227017
226790
226949
256549
228969
227447
227895
229242
226766
227231
228279
227474
227289
227500
226440
227695
227623
227445
267714
228853
228181
226475
227409
228674
227147
227485
227540
226981
228765
262450
229316
227453
227980
227809
226588
227204
227115
227233
227481
228842
228174
227020
226994
227921
226758
227005
226835
226726
227059
230926
228486
227681
227779
227005
226470
227289
261352
227550
227828
226857
227025
228982
269939
228061
229303
229542
234790
226804
227397
228796
227084
227492
229028
227160
226591
227958
227655
242993
227122
227211
226751
280831
230763
228126
227368
227241
226841
226972
226664
226749
226600
226931
227244
228325
227698
226330
226476
228214
226983
226512
227410
227331
226191
227168
228186
262574
227417
227593
259022
227959
227900
227190
227354
227341
226891
228987
227256
226864
227847
227081
226656
227002
227064
226968
227384
228147
229413
228684
227289
227548
226910
227152
227424
226253
256904
227155
227001
229192
227351
226955
227330
226766
226746
227693
227568
227548
226836
229387
229051
261746
227980
228175
227467
227370
226999
226485
227485
227341
226764
228658
227161
226863
227973
227307
227039
227498
227213
227148
226335
226954
228671
227828
226642
226870
226612
227193
226866
226625
227372
227110
227278
227987
227044
226603
228428
227252
227301
226689
226748
227561
226904
227173
254808
228385
227113
226943
227345
233189
227589
226972
226980
227227
226605
229201
227647
227050
227319
227092
227470
227189
227492
227616
227134
227968
228577
228040
227100
227164
227516
227095
227102
227032
226776
227359
227540
228363
229391
227337
226079
226768
227158
229406
226967
227464
227319
227279
260637
228567
227116
227081
227919
228004
227791
227422
226928
226863
227076
228309
227397
227271
227606
227002
227350
227449
226688
227197
227283
226966
228530
228136
227125
227314
227260
226734
227262
227438
227282
226607
227686
228788
226716
227084
228077
226481
227148
227026
228825
227146
227505
227053
281038
227696
227207
227579
227255
228580
227530
230386
226904
227150
228520
227180
227489
227355
226512
227122
227176
227026
228277
227227
227769
231217
229257
227638
227190
227033
227382
226376
226832
227531
226702
227003
228308
227086
226714
227022
227198
226965
227567
227537
227307
227152
228878
228206
254376
226539
226861
227639
227236
227231
227225
227552
227169
227336
228543
226136
227424
227254
227559
227186
226799
226744
227011
227242
227116
251638
228793
226794
227193
227334
227172
227271
226842
226931
227158
227504
227929
227606
227264
226982
227105
227012
228085
227607
227329
227451
228885
261750
228739
227125
227586
227298
227635
226867
227181
226130
227069
227203
228328
227064
227347
227631
226847
227469
227074
227679
228307
227849
227134
228898
228646
227366
226944
228104
228044
226599
227281
227330
227123
227199
228780
226869
226913
227718
227856
227437
227317
227661
227403
227341
227806
260247
228702
227945
227016
227116
227573
228023
228707
228367
228187
226926
229147
227499
227346
250105
226225
226544
226374
225978
226771
226555
225958
228206
227767
226255
226412
226283
225954
227097
226581
226252
226468
229613
227580
226597
227843
226843
225869
226889
226693
226476
226567
226530
226146
262847
226767
226902
226771
226659
227506
226243
225928
259090
227076
228080
226507
226381
225867
226442
226326
225559
226512
226342
225677
252929
227745
228196
226200
225742
226363
226056
226090
226219
225965
225697
226145
227507
226124
225955
226501
225823
226003
226671
225928
227189
226302
227897
226355
269192
226298
226855
227016
225833
226244
225926
227293
226369
226450
227236
226513
226078
225649
227212
292825
226765
226660
226305
226617
227097
228269
227699
226471
226170
228726
226518
226627
227840
228778
226625
226906
228558
226323
225775
226405
226297
225880
226210
226360
226304
226315
226615
274141
227534
226426
226151
225938
227411
226607
226004
226548
226245
226020
227998
226458
225958
226653
226602
225680
226466
226660
226314
227242
226571
227723
227599
226485
226177
226488
226617
225758
226187
226378
225903
226514
228070
226478
226427
226573
225606
226347
226377
225876
227400
225920
225721
253126
227731
226403
226555
226191
226782
226222
226006
226324
226255
225903
227642
226436
226022
227002
226638
226370
226713
248740
226585
226452
226036
228525
227656
226354
226453
226563
226171
226541
226848
226135
226791
227222
226954
226467
226105
225982
226309
225811
225887
226189
235912
228569
227069
266791
227881
226162
226918
226868
227086
226686
226603
225982
226117
226518
227561
226588
226414
226096
226418
226298
226086
226646
226387
254669
226757
227769
232852
226867
226544
226176
226439
226650
226192
226390
226883
226455
227871
226521
