74.32
73.52
73.91
73.6
73.51
73.47
73.68
73.61
73.74
73.56
74.01
73.92
73.38
73.38
73.81
73.93
73.51
73.69
73.33
73.65
73.5
73.88
73.74
73.92
73.74
73.65
73.74
73.88
73.47
73.24
73.65
73.81
73.29
73.56
73.18
73.75
73.37
73.92
73.68
73.74
73.68
73.51
73.59
73.6
73.83
73.36
73.74
73.79
73.5
73.74
74.12
73.7
73.96
73.74
73.51
73.57
73.69
73.51
73.6
73.56
73.59
73.43
73.65
73.56
74.19
74.01
73.56
73.11
73.63
73.75
74.2
73.32
74.01
73.55
73.92
73.65
73.26
73.82
73.92
73.92
73.88
73.97
73.43
73.6
73.23
73.42
74.01
73.68
73.78
73.82
73.77
73.74
73.74
73.74
73.88
74.02
73.7
73.78
73.23
73.69
73.65
73.9
73.42
74.15
73.57
73.98
73.69
73.38
73.56
73.32
73.67
73.74
73.5
73.42
73.65
73.36
73.69
73.55
73.32
73.82
73.65
73.6
73.43
73.7
73.79
73.69
73.59
73.24
73.78
73.64
73.74
73.83
73.44
73.64
73.83
73.92
73.56
73.95
73.49
73.7
73.65
73.37
73.34
73.99
73.74
73.79
73.25
73.65
73.91
73.41
73.87
73.64
73.76
73.52
73.29
73.73
73.7
73.37
73.74
73.7
73.34
73.56
73.73
73.5
73.78
73.69
73.32
73.74
74.04
73.33
73.73
74.06
73.47
73.27
73.91
73.5
73.56
73.65
73.63
74.02
73.55
73.38
73.77
73.29
73.63
73.75
73.96
73.96
73.69
73.56
73.86
73.56
73.41
73.83
73.85
73.7
73.87
73.38
73.42
73.69
73.32
73.87
73.74
73.09
73.47
73.65
73.36
73.75
73.37
73.92
73.68
73.74
73.68
73.51
73.59
73.77
73.74
73.09
73.47
73.65
73.36
73.93
73.73
73.65
73.87
73.38
73.42
73.79
73.92
73.36
73.73
73.78
73.74
73.47
73.54
73.57
74.09
73.92
73.32
73.56
73.36
73.75
73.6
73.6
73.69
73.56
73.32
73.84
73.72
73.73
73.69
73.59
73.69
73.66
73.46
73.7
73.56
73.54
73.55
73.64
73.51
73.92
73.59
74.02
73.46
73.74
73.65
73.74
74.02
73.55
73.93
73.5
76.58
73.69
73.78
73.73
73.14
73.51
73.42
73.77
73.97
73.7
73.77
73.85
73.87
73.68
73.83
73.69
73.73
73.74
73.6
73.97
73.88
74.06
73.69
73.7
73.23
73.85
73.87
73.68
73.83
73.3
73.98
73.66
73.5
73.96
73.69
73.23
73.88
73.79
73.23
73.79
73.73
73.74
73.7
73.16
74.01
73.82
73.59
73.34
74.06
73.88
73.6
73.5
73.6
73.47
73.63
73.47
73.7
73.34
73.56
73.73
73.5
73.78
73.69
73.36
73.7
73.83
73.37
73.61
73.28
73.65
73.88
73.44
74.07
73.51
73.74
73.83
73.77
73.22
73.61
73.88
73.77
74.12
73.51
73.41
73.74
73.39
73.62
73.82
73.83
74.01
73.96
73.79
73.28
73.61
73.64
73.64
73.34
72.98
73.74
73.46
73.59
74.05
73.6
73.79
73.6
73.41
73.69
73.74
73.81
73.51
73.55
73.45
73.89
73.6
73.65
74.01
73.77
73.67
73.79
73.79
73.23
73.85
73.87
73.68
73.83
73.3
73.98
73.75
73.68
73.78
73.87
73.5
73.88
73.79
73.41
73.43
73.19
73.38
73.79
73.16
73.83
73.46
73.77
73.84
73.47
73.36
73.56
73.83
73.42
73.69
73.73
73.29
73.74
73.44
73.82
73.65
73.6
73.43
73.7
73
73.65
73.47
73.24
73.78
73.64
73.74
73.83
73.54
73.83
73.46
73.5
73.69
73.69
73.32
73.79
73.65
73.51
73.42
73.37
73.83
73.29
73.08
73.64
73.92
73.56
73.43
73.83
73.18
73.57
73.74
73.9
74.01
73.94
73.7
73.87
73.65
73.33
73.7
73.83
73.63
73.55
73.64
73.51
73.92
73.59
73.65
74.12
73.74
73.6
73.75
73.46
73.66
73.65
73.78
74.12
73.51
73.83
73.83
73.63
73.75
73.46
73.92
73.5
74.05
73.54
74.02
73.42
73.6
73.83
73.72
73.47
73.7
73.59
73.65
73.76
73.52
73.6
73.83
73.51
73.84
73.33
73.69
73.69
73.83
73.14
73.79
73.38
73.64
73.87
73.5
73.6
73.75
73.46
73.66
73.65
73.36
73.94
73.46
73.74
73.47
73.54
73.37
74.05
73.56
73.96
73.75
73.46
73.66
73.74
73.87
73.85
73.65
73.74
73.74
73.72
73.75
73.91
73.65
73.68
73.96
73.72
73.75
73.24
73.87
73.6
74.1
73.78
73.65
73.32
73.67
73.42
73.68
73.38
73.21
73.89
73.55
73.56
73.56
73.14
73.49
74.06
73.92
73.82
74.03
73.33
73.41
73.65
73.39
73.98
73.78
73.65
73.33
73.69
73.68
73.79
73.79
73.5
73.76
73.42
73.55
73.7
73.16
74.01
73.82
73.59
73.33
73.15
73.61
73.87
73.86
73.78
74.01
73.54
73.87
73.55
73.45
74.07
73.51
73.74
73.83
73.77
73.22
73.61
73.88
73.77
74.12
73.51
73.41
73.74
73.39
73.62
73.82
73.83
74.01
73.86
73.58
73.88
73.92
73.73
73.74
73.73
73.74
73.92
73.35
73.46
79.08
73.7
73.68
73.78
73.92
73.81
73.92
73.65
73.74
73.69
73.59
73.78
73.92
73.77
74.01
73.94
73.7
73.87
73.92
73.54
74.2
73.69
73.6
73.24
73.74
73.59
73.56
73.59
73.65
73.76
73.52
73.6
73.83
73.51
73.51
73.5
73.6
73.83
73.54
73.92
73.47
73.72
73.57
74.09
73.92
73.32
73.2
73.68
73.6
73.86
73.45
73.64
73.46
73.87
73.38
73.59
73.29
74.3
73.74
74.01
73.74
73.54
73.57
73.69
73.51
73.6
73.59
73.47
74.01
73.18
73.55
73.51
73.5
73.69
74.01
73.59
73.87
73.32
73.69
73.92
73.9
73.65
74.06
73.65
73.74
73.56
73.92
73.47
73.92
73.72
73.6
73.65
73.78
74.12
73.73
73.65
73.92
73.45
73.64
73.69
73.59
73.69
73.75
73.46
73.66
74.59
73.88
73.42
73.55
73.51
73.5
73.69
74.11
73.55
74.11
73.87
73.6
73.6
73.92
73.5
74.06
73.83
73.68
73.69
73.59
73.69
73.66
73.46
73.93
73.74
73.45
73.85
73.64
74.01
73.83
73.63
73.64
73.33
74.1
73.92
74.1
73.81
73.84
73.33
73.69
73.69
73.37
73.92
73.92
73.72
73.73
73.6
73.5
73.6
73.15
73.68
73.6
73.86
73.96
73.74
73.54
73.92
73.97
73.59
73.65
74.12
73.79
73.42
73.83
73.87
73.84
74.05
73.87
73.69
73.65
73.59
73.79
73.74
73.68
73.42
73.41
73.69
74.2
73.64
74.02
73.92
73.63
74.12
73.91
73.83
73.74
73.81
73.64
73.69
73.74
73.56
73.74
73.45
73.93
73.69
73.78
73.69
73.46
73.99
73.45
73.59
73.62
73.14
73.55
73.87
73.74
73.92
73.47
73.36
73.48
73.78
73.51
73.87
73.64
73.74
73.47
73.54
73.37
74.05
73.77
73.42
73.6
73.41
73.42
73.5
73.78
74.01
73.45
73.65
73.97
73.77
74.01
73.94
73.7
73.87
73.65
73.33
73.75
73.6
73.6
73.69
73.56
73.32
74.06
73.65
73.77
73.6
73.77
73.69
74.02
73.82
73.75
73.38
73.72
73.76
73.64
73.65
73.56
73.36
73.73
73.6
73.65
73.74
74.1
73.45
73.84
73.24
73.87
73.69
73.64
73.51
73.92
73.59
73.65
74.12
73.79
73.42
73.56
73.36
73.75
73.6
73.6
73.69
73.56
73.32
73.65
73.54
73.75
73.64
73.65
73.59
73.56
73.41
73.97
73.74
73.54
73.87
73.37
73.83
73.82
73.74
73.82
73.68
73.56
73.83
73.92
73.79
73.83
73.63
73.7
73.83
73.37
73.61
73.28
73.65
73.88
73.34
73.38
73.91
73.86
73.69
73.87
73.68
73.97
73.7
73.55
73.7
73.73
73.74
74.06
73.34
73.65
73.55
73.69
73.52
73.79
74.06
73.51
73.59
73.78
73.74
73.73
73.47
74.01
73.44
73.73
73.83
73.69
73.7
73.83
73.18
73.65
73.74
73.15
73.33
73.64
74.01
73.56
