77.07
74.86
76.34
75.81
75.84
74.68
76.17
75.85
75.86
75.07
75.79
75.58
76.33
75.04
515.29
76.06
74.91
76.04
75.67
76.19
74.82
76.02
75.53
76.05
75.64
76.16
75.63
75.61
74.85
75.52
75.8
75.62
75.87
75.16
75.75
75.35
76.37
75.07
76.06
75.67
76.15
75.04
76.26
75.34
75.97
75.5
75.77
75.72
76.05
75
76.18
75.76
75.98
74.64
75.73
75.35
76.07
75.95
76.17
75.82
75.37
75.95
76.07
75.62
75.83
74.89
75.7
75.85
75.97
74.5
76.08
75.67
75.88
75.59
76.04
75.63
75.96
74.82
76.27
75.81
76.03
74.71
75.69
75.44
76.34
75.77
76.35
75.49
75.69
74.93
76.5
75.67
75.37
75.03
76.39
75.63
76.29
75.21
76.44
75.89
75.82
74.85
75.67
75.81
76.09
75.12
76.26
75.76
76.03
74.71
75.24
75.58
75.82
74.85
76.08
75.76
76.3
74.8
76.14
75.63
76.16
75.12
75.85
75.39
75.78
74.98
76.38
75.53
75.56
74.71
76.06
75.4
75.43
74.77
76.17
75.67
76.24
79.09
76.1
74.41
75.97
75.45
76.29
75.86
76.07
75.4
75.63
75.91
76.1
75.81
76.11
75.04
76.26
75.34
75.97
75.5
75.77
75.54
75.96
75.31
75.89
75.63
76.39
74.81
75.93
75.49
76.01
75.08
76.29
75.54
75.87
75.02
76.23
75.4
76
74.41
76.44
75.4
75.69
76
76.2
75.39
75.63
74.54
75.66
75.53
76
74.99
76.34
75.99
76.3
76.05
76.24
75.58
75.97
74.59
76.15
75.45
75.93
75.77
75.98
75.67
75.9
76
75.83
75.86
74.9
76.47
75.94
75.88
75.3
75.94
75.44
75.56
75.55
76.3
75.72
76.48
74.9
75.75
75.49
76.1
75.35
76.06
75.81
76.14
75.11
76.05
75.67
75.82
74.85
75.88
75.67
76.23
76.09
76.29
75.84
75.72
74.85
76.03
75.54
76.09
74.85
76.35
75.67
76.39
74.98
75.89
75.35
76.07
75.95
76.17
75.82
75.37
75.95
76.08
75.4
75.86
74.59
76.35
75.67
76.23
76.09
76.13
75.35
75.82
75.03
76.3
75.81
75.91
75.03
902.7
75.39
76
74.99
76.34
75.99
76.3
74.81
76.35
75.67
75.7
74.68
75.97
75.81
75.66
74.77
76.07
75.44
76.1
74.8
75.61
75.4
76.15
74.5
76.17
75.34
75.88
75.68
76.13
75.54
75.69
75.84
75.49
76.07
75.12
76.48
75.66
75.87
75.16
75.75
75.3
76
75.21
76.3
75.4
76.06
75.34
76.11
75.85
76.09
74.76
76.21
75.36
76.09
74.85
76.17
76.03
75.89
74.82
76.09
75.63
76.07
74.76
76.48
75.72
76.02
74.77
76.17
75.4
75.86
74.59
76.35
75.67
76.23
76.09
76.29
75.84
75.72
74.85
75.52
76.08
76.42
76.05
76.15
75.76
75.61
75.6
75.61
75.76
75.65
75.17
76.29
75.81
75.87
75.02
76.14
75.67
75.68
74.41
76.17
75.85
75.96
75.82
75.84
75.57
75.27
74.85
75.79
75.99
75.97
75.69
75.88
75.85
76.21
74.8
75.87
75.53
75.98
75.77
76.08
75.82
75.82
76.13
76.25
75.58
75.99
75.82
75.83
75.64
75.97
75.62
75.89
75.68
75.99
75.73
75.64
74.57
76.59
75.94
76.18
74.85
76.03
75.76
76.33
75.55
76.02
75.39
75.81
75.21
76.15
75.54
75.79
74.78
76.36
75.49
76.16
74.82
76
75.54
76.07
74.94
75.94
75.3
76.23
74.8
76.38
75.89
75.83
76.05
75.83
75.99
76.11
75.3
76.08
75.35
75.82
75.95
76.58
75.81
75.87
74.64
76.18
75.4
75.62
75.07
76.05
75.53
76.25
75.41
76.08
75.73
76
75.11
76.77
75.58
75.55
74.76
76.03
75.4
75.79
75.04
76.26
75.34
75.97
75.5
75.77
75.54
75.96
74.91
76.36
75.4
76.34
74.55
75.64
75.81
76.16
75.17
75.85
75.3
75.51
75.07
76.29
75.35
75.83
75.11
76.31
76.48
74.77
76.53
75.9
75.61
74.85
75.85
75.67
75.51
74.86
76.36
75.61
76.36
74.27
75.66
75.49
75.82
74.99
75.97
75.67
75.81
74.59
75.71
75.35
76.25
75.51
76.35
75.85
75.97
75.04
76.18
75.35
75.77
74.73
76.49
75.67
75.78
74.68
75.74
75.67
76.48
75.16
75.9
75.39
75.96
75.12
75.69
75.9
76.33
75.38
76.06
75.8
76.29
75.35
75.99
75.58
75.97
74.95
76.09
75.35
75.77
74.73
76.41
75.54
75.78
75.08
76.62
75.44
76.43
75.07
75.92
75.71
75.88
74.82
75.6
75.99
76.51
75.29
76.02
75.62
76.56
75.35
76.54
75.81
76.02
74.86
76.17
75.54
75.78
74.85
76.23
75.9
75.96
75.08
75.66
75.62
75.62
75.1
76.16
76
76.35
75.64
75.8
74.68
76.53
75.4
75.23
74.71
76.06
75.4
76.06
75.46
76.11
75.4
75.51
74.54
76.29
76.07
76.21
75.87
76.15
76.03
75.88
75.78
76.15
75.67
76.15
74.23
75.7
75.99
76.02
74.23
76.35
75.76
75.8
75.03
76.39
75.58
75.61
74.62
76.2
75.3
76.2
75.39
75.79
75.99
76.6
76.05
75.97
75.49
75.88
76.05
76.24
75.58
75.97
74.59
75.88
75.45
76.34
75.25
76.11
75.53
76.28
75.21
76.21
75.94
76.34
74.59
76.17
75.44
76.09
75.3
76.48
75.72
75.64
75.17
76.07
75.72
75.85
74.9
75.93
75.76
75.98
74.76
75.94
75.48
76.05
74.8
75.84
75.71
75.98
75.25
75.97
75.4
75.5
75.47
74.89
75.66
75.39
75.96
74.85
76.08
75.44
75.96
75.63
75.78
75.44
76.25
75.51
76.35
75.85
75.97
75.04
76.36
75.63
76.23
74.94
76.68
75.45
75.87
74.99
75.99
75.67
76.21
75.95
75.94
76.13
75.72
75.91
76.16
75.71
75.63
74.86
76.56
75.44
76.16
75.69
76.08
75.58
76.06
75.04
76.18
75.53
75.32
74.55
76.58
75.9
76.04
75.26
76.11
75.85
75.76
74.98
76.17
75.89
75.88
75
75.96
75.72
75.43
74.93
75.88
75.48
75.98
74.9
75.89
75.72
75.92
75.08
75.93
75.53
76.04
74.64
76.04
75.67
75.51
74.86
76.36
75.94
75.94
79.96
75.83
75.67
75.97
74.68
75.97
75.81
75.75
74.77
75.99
75.76
75.86
74.8
75.61
75.67
76.51
74.77
75.9
75.62
75.91
75.3
75.94
75.72
75.55
74.94
76.35
75.76
76.12
74.8
75.78
75.54
76.07
75.21
76.12
75.48
76.14
75.07
75.84
75.22
75.63
74.77
76.17
75.67
75.69
75.91
75.57
74.95
75.92
75.71
75.98
75.26
75.98
75.99
76.28
74.59
76.26
75.45
75.96
74.76
76.05
75.72
75.69
75.08
76.62
75.44
76.43
75.07
76.11
75.58
75.82
75.73
76.16
75.58
75.41
75.17
75.68
75.31
75.65
75.26
76.16
75.72
75.47
74.99
75.75
75.54
76
74.82
76.31
75.4
76.14
74.59
75.91
75.25
76.18
74.62
75.93
75.49
75.82
75.26
76.24
75.85
75.81
76
76.05
75.53
75.98
74.9
75.89
75.72
75.92
74.59
75.81
75.81
76.05
75.12
76.23
75.81
75.78
75.08
76.26
75.62
76.34
75.25
76.2
75.85
75.82
75.21
75.88
75.67
75.63
74.77
76.02
75.35
75.8
74.55
75.75
75.44
75.96
75.73
75.8
75.72
75.88
75.42
75.96
76.12
76.03
75.9
74.95
76.29
75.44
76.13
75.87
75.99
75.49
75.97
75.22
76.09
76.07
76.09
74.91
76.58
75.49
75.42
74.86
76.09
75.52
76.28
75.07
76.11
75.58
75.82
74.9
75.88
75.58
75.88
74.75
75.88
75.35
75.84
74.9
76.63
75.9
75.97
75.04
76.36
75.62
75.68
74.73
76.04
75.76
76.01
74.68
76.27
75.79
76.36
74.54
75.88
75.71
76.6
74.82
76.14
75.45
75.88
75.2
75.79
75.35
76.29
75.35
76.27
75.63
76.11
74.77
76.53
75.9
76.06
74.94
75.93
75.9
76.04
75.26
76.11
75.85
76.16
