30.3312
29.6331
29.8182
29.7063
29.6176
29.5366
29.9223
29.7063
29.5829
29.5945
29.8182
29.7063
29.6176
29.5366
29.9223
29.7063
29.5829
29.5945
29.8182
29.7063
29.6176
29.8953
29.7642
29.7603
29.9455
29.7989
29.9802
29.7449
29.9455
29.8298
30.9406
29.8028
29.9339
29.6948
29.5945
29.7951
29.6446
29.7796
29.6254
29.7603
29.7565
29.8336
29.7333
29.7951
29.6099
29.8838
29.8028
29.6755
29.6639
29.9763
29.9609
29.7989
29.9416
29.7411
29.8028
29.9532
29.6639
29.8375
29.9262
29.7642
29.8375
29.6716
29.9416
29.8143
29.7333
29.7333
29.7526
29.8336
29.8375
29.8838
29.4865
29.7256
29.9995
29.8683
29.6292
29.7951
29.6793
29.7102
29.6948
29.8992
30.0342
29.7295
29.6986
29.7603
29.6099
29.7796
29.5906
29.6562
29.8953
29.6948
29.5945
29.7951
29.6446
29.7796
29.6254
29.7603
29.7565
29.8336
29.7333
29.7951
29.6099
29.8143
29.6601
29.7256
29.9301
29.8336
29.5251
29.7256
29.6793
29.9185
29.5559
29.8645
29.9301
29.7295
29.8799
29.9648
29.7141
29.7102
29.9262
29.9146
29.7063
29.984
29.7642
29.7372
29.9108
29.7025
29.7873
29.6446
29.7835
29.8413
29.8182
29.8413
29.7295
29.8645
29.8683
29.6678
29.8413
29.4981
29.8221
30.0188
29.7063
29.9995
29.7488
29.9802
29.8336
29.5791
29.9609
29.6793
29.8182
29.6948
29.9262
29.9146
29.7063
29.984
29.7642
29.7372
29.9108
29.7372
29.8568
29.6793
29.8876
29.9802
29.9223
29.8761
29.8336
29.8645
29.8683
29.6678
29.8413
29.4981
29.8221
30.0188
29.7063
29.9146
29.8529
29.9455
29.9378
29.6485
29.8221
29.6099
29.7141
29.6408
29.8915
29.9493
29.8105
29.984
29.8336
29.7372
29.8761
29.5984
29.9609
29.6793
29.8182
29.8066
29.8182
29.9455
29.8336
30.038
29.8683
29.7372
30.0496
29.4981
29.8221
29.8452
29.6369
29.9146
29.9223
29.8028
29.6832
29.7449
29.6099
29.8182
29.8761
29.8838
29.6446
29.7488
29.9455
29.8375
30.0033
29.8375
29.6678
30.011
29.9686
29.8375
29.7372
29.8375
29.9918
29.7295
29.5559
30.0458
30.0265
29.9031
29.6254
29.7951
29.7063
29.7102
29.8066
29.9339
29.7758
29.8838
29.8761
29.8838
29.6446
29.7488
29.9455
29.9185
29.6446
29.9571
29.8066
30.011
29.9686
29.8375
29.7372
29.8722
29.9686
29.8722
29.6678
30.0458
30.0265
29.9031
29.6254
29.8722
30.0149
29.8953
29.8722
29.5366
29.9725
29.6485
29.8452
30.0573
29.8336
29.6832
29.6022
29.7218
29.8028
29.9493
29.8375
29.7411
29.9416
29.9146
29.6986
29.5714
29.8529
29.9262
29.8259
29.6601
29.8529
29.8915
29.8259
29.8452
29.7411
29.7719
29.8645
29.8452
29.8722
30.0188
29.7333
29.5714
29.7796
29.9763
29.8066
29.8645
29.9378
29.8568
29.9301
29.7025
30.0072
29.6832
29.7063
29.6562
29.7989
30.0188
29.7526
29.9378
29.6948
29.6331
29.6215
29.7372
29.8336
29.6832
29.6716
29.8259
29.7642
29.8915
29.8259
30.0419
29.7295
29.6678
29.7951
29.5868
29.7295
29.9493
29.9956
29.8953
29.7989
29.9262
29.9995
29.7372
29.7642
29.7873
29.8799
29.6215
29.9031
30.0535
29.8915
29.9031
29.9031
29.6678
29.7256
29.7372
29.8336
29.7179
29.8105
29.7912
29.9031
29.9262
29.9648
30.0072
29.7642
29.5984
29.7951
29.6562
29.7295
29.8799
29.8915
29.9995
29.8336
29.8568
29.9301
29.7372
29.7295
29.6832
29.8105
29.5868
29.7295
29.9146
29.9956
29.9378
29.7989
29.6331
29.8298
29.7372
29.8336
29.6485
29.6022
29.8606
29.8336
29.9262
29.8606
29.9725
29.9031
29.9108
29.7141
29.7526
29.6832
29.9185
29.8799
29.9455
29.5906
29.8683
29.9455
29.8298
29.9686
29.8683
29.6793
29.6215
29.8645
29.9031
29.6446
29.7719
29.5906
29.9031
29.8066
29.7102
29.8992
29.7642
29.6099
29.8066
29.6254
29.7642
29.8761
29.7719
29.6254
29.7642
29.8761
29.6909
30.0033
29.9031
29.6446
29.9455
29.5559
29.6948
29.8761
29.8645
29.9686
29.6601
29.6446
29.8298
29.9686
29.8683
29.6793
29.9802
29.6601
29.6948
29.8413
29.8066
29.6254
29.7642
29.8761
29.6909
30.0033
29.9031
29.6446
29.6215
29.9686
29.7642
29.7141
29.8413
29.6601
29.7642
29.9802
29.8413
29.6601
29.7642
29.9108
29.6909
29.9686
29.7295
29.5752
29.7951
29.9339
29.7642
29.6099
29.9455
29.5559
29.6948
29.8761
29.7449
29.9686
29.8683
29.6099
29.8413
29.6601
29.7951
29.5752
29.8529
29.9339
29.8375
29.7372
29.7681
29.9223
29.7989
29.6601
29.8491
29.7411
29.6408
29.9108
29.9185
29.6793
29.9223
29.9802
29.8838
29.6446
29.6793
29.8761
29.9069
29.9339
29.8722
29.8066
29.7681
30.0959
29.8336
29.5906
29.7951
29.7758
29.7796
29.8413
29.6562
29.6716
29.7796
29.9802
29.7449
29.6793
29.8182
29.8413
29.7449
29.5752
29.6793
29.8761
29.7333
29.8992
29.8028
29.7025
29.8375
30.0033
29.8375
29.6678
29.8722
29.9223
29.6948
29.5906
30.0458
30.0265
29.9031
29.6254
29.7951
29.7063
29.7102
29.8066
29.7642
29.5058
29.9223
29.9802
29.8722
29.9686
29.8722
29.6678
29.8028
29.9339
29.9416
29.6678
29.8028
30.0265
30.0072
29.6254
29.8375
29.9571
29.8336
29.6254
29.7256
29.7758
29.9532
29.8413
29.7256
29.7063
29.6793
29.9416
29.6138
29.8143
29.9493
29.9416
29.5906
29.6601
29.8413
29.7256
29.8992
29.7642
29.6099
29.8066
29.7025
29.7449
29.984
29.7681
29.9339
29.7642
29.8066
29.8375
29.7873
29.8143
29.8799
29.8028
30.038
29.7989
29.7025
29.7333
29.7873
29.6061
29.9146
30.011
30.038
29.6601
29.7719
30.011
29.6832
29.8838
30.0535
29.9069
30.0033
29.8336
29.6678
29.9416
29.6485
29.7796
29.8799
29.7681
30.0728
29.9031
29.7719
29.8028
29.5559
29.7989
29.9802
29.6215
29.8645
29.9031
29.6793
29.7372
29.6986
29.7642
29.9802
29.6909
30.038
29.7295
29.7488
29.7719
29.7333
29.8336
29.9108
29.6215
29.9686
29.7642
29.7141
29.8413
29.7719
29.8491
29.9493
29.9069
30.0033
29.8683
29.7372
29.7333
29.9339
29.7642
29.6099
29.9455
29.5559
29.6948
29.8761
29.8259
29.9455
29.6292
29.9918
29.8105
29.8298
29.9108
29.8491
29.8491
29.8298
29.9108
29.8491
29.8491
29.8336
29.9108
29.7295
30.0188
29.8336
29.9108
29.7295
30.0188
29.8568
29.6948
29.7295
29.6254
29.8568
29.6948
29.7295
29.6254
29.8568
29.6292
29.8182
29.7758
29.8568
29.6292
29.8182
29.7758
29.7603
29.9455
29.8491
29.9532
29.7603
29.9455
29.8491
29.9532
29.9031
29.8066
29.7642
30.0535
29.9031
29.8066
29.7642
30.0535
29.7526
29.6601
29.7295
29.5906
29.7526
29.6601
29.7295
29.5906
29.8915
29.5945
29.8182
29.6716
29.8915
29.5945
29.8182
29.6716
29.6909
29.9455
29.7449
30.0573
29.6909
29.9455
29.7449
30.0573
29.7642
29.8066
29.9031
30.0535
29.7642
29.8066
29.9031
30.0535
30.0303
29.6601
29.7295
29.5906
30.0303
29.6601
29.7295
29.7565
29.7526
29.6639
29.8838
29.7912
29.7372
29.5212
29.8298
29.6446
29.7719
29.5212
29.8298
29.6446
29.7179
29.9455
29.8336
29.8259
29.8452
29.9455
29.8336
29.8259
29.7295
29.9108
29.9031
29.9802
29.7796
29.9108
29.9031
29.9802
29.8915
29.6292
29.7449
29.7565
29.9031
29.6292
29.7449
29.7565
29.8761
29.5906
29.7951
29.6793
29.9802
29.5906
29.7951
29.6793
29.9262
29.8066
29.7989
29.8259
30.0535
29.8066
29.7989
29.8259
29.7295
29.8761
29.7642
29.9108
29.7102
29.8761
29.7642
29.9108
29.9609
29.6292
29.7796
29.7565
29.8683
29.6292
29.7796
29.7565
30.0496
29.6948
29.7951
29.6099
30.0149
29.6948
29.7951
29.6099
29.9609
30.0149
29.9031
29.9995
29.984
30.0149
29.9031
29.9995
29.8683
30.0149
29.6948
29.9108
29.6755
29.9108
29.9725
30.0959
29.9493
29.9069
29.6408
29.7835
29.9262
29.8606
29.984
29.6022
29.7565
29.8645
29.9031
29.8683
29.6832
29.8105
29.7218
29.8028
30.0535
29.9416
29.5019
29.8529
29.8221
29.8606
29.8799
29.7411
29.7565
29.9339
30.0072
29.8336
29.6832
29.6716
29.7218
29.9069
29.9493
29.8375
29.6408
29.9918
29.8221
30.0342
30.0188
29.5675
29.7565
29.6909
30.0419
29.6254
29.6485
29.7411
29.7565
30.0458
29.9146
29.9416
29.6061
29.7835
29.8568
29.9301
29.984
29.6022
29.7912
30.0342
30.0188
29.5675
29.6331
29.7951
30.0419
29.8336
29.8221
29.8606
29.8799
29.7411
29.6678
29.7951
30.0766
29.8336
29.9262
29.8606
29.984
29.6022
29.7025
29.6909
30.0419
29.9725
29.6832
29.8105
29.7218
29.8028
29.9146
29.8375
29.6408
29.7141
29.6485
29.8452
29.7565
29.8722
58.406
29.8336
29.9995
29.6871
29.9995
29.6755
29.7372
30.011
29.9879
29.8336
29.8259
29.7951
29.9879
29.8336
29.8259
29.8992
29.5559
29.9146
30.0535
29.6176
30.1268
29.9378
29.9301
29.7951
29.5906
29.7063
29.9493
29.7218
29.9532
29.7295
29.9301
29.7603
29.5906
29.7411
29.8799
29.7912
29.8606
29.8143
29.5984
29.8375
30.1268
29.9378
29.9301
29.7951
29.7372
29.8298
29.5906
29.9108
29.9686
29.8143
29.7719
29.9069
29.8645
29.6408
29.7025
