77.62
75.49
76.09
75.75
1632.16
74.82
75.5
75.46
75.64
75.5
75.56
75.16
75.47
75.36
75.59
75.28
75.65
75.52
75.92
75.53
75.75
75.49
76.36
75.48
76.69
75.54
76.47
75.53
76.17
75.72
76.05
75.39
75.96
75.1
76.37
75.28
75.77
75.27
75.5
76.5
75.91
78.75
75.49
76.38
75.79
75.92
75.32
75.91
75.41
76.33
75.54
75.77
75.14
75.68
75.46
76.28
75.05
75.69
75.37
75.83
75.52
76.39
75.72
76.28
80.78
75
75.96
75.62
75.69
79.93
76.15
76.44
75.27
75.57
76.18
76.29
78.8
75.95
75.29
75.99
75.79
79.08
74.98
79.05
87.41
80.12
75.2
76.3
75.98
75.78
75.24
75.77
76.23
75.24
76.31
75.76
76.41
75.78
75.96
75.48
75.96
75.51
75.59
75.46
75.91
75.19
75.77
75.14
75.95
75.45
76
75.03
75.82
75.37
76.28
75.79
75.76
75.72
76.28
75.55
76.26
75.72
76.38
75.35
76.17
75.72
76.5
75.57
75.6
74.81
76.33
74.93
75.83
75.1
75.86
75.41
75.77
75.07
76.53
75.97
75.57
75.92
75.32
75.82
75.32
76
75.19
75.77
75.14
75.95
75.45
76
75.03
76.06
75.32
76.11
75.52
76.32
75.67
76.26
75.68
76.63
75.85
76.31
75.76
76.41
75.67
76.3
75.79
75.96
75.42
76.04
75.37
75.82
75.5
75.56
75.16
75.99
75
76.22
75.1
75.74
75.42
76.43
75.76
76.13
75.57
76.69
75.77
76.22
75.57
76.27
75.68
76.45
75.63
76.54
75.54
76.11
75.33
76.01
75.19
75.56
75.37
76.22
75.41
76.31
75.27
75.64
75.21
75.73
75.1
76.01
75.52
76.21
75.9
76.55
75.73
76.26
75.72
76.65
75.44
75.81
75.72
76.32
75.75
76.15
75.17
75.88
74.93
75.92
74.92
75.77
74.96
76.02
75.27
75.59
75.46
75.83
75.33
75.98
75.76
75.86
76.06
75.56
76.08
75.67
76.31
75.63
76.18
75.77
76.23
75.76
76.54
75.29
76.36
75.63
76.12
75.43
76.24
75.36
75.65
74.8
76.32
75.59
75.5
75.19
75.72
75.16
75.55
75.26
76
75.29
76.35
75.76
75.89
75.67
76.64
75.76
76.51
75.72
76.22
75.8
76.18
75.81
75.76
75.52
75.52
75.36
75.83
74.89
75.87
75.5
75.41
75.5
76.04
75.46
75.73
75.23
75.75
75.28
76.06
75.8
76.16
75.49
76.64
75.67
76.08
75.63
75.94
75.63
76.7
75.61
76.16
75.57
75.77
75.28
75.81
74.72
75.82
75.37
75.72
75.09
75.59
75.27
75.36
75.64
76.06
75.3
76.45
75.48
76.21
75.96
76.68
75.58
75.96
75.76
76.09
75.45
76.7
75.7
76.34
75
76.14
75.41
75.83
75.5
76.1
75.5
75.64
75.46
76.01
75.61
76.3
75.66
76.78
75.5
76.4
75.39
76.27
75.5
76.36
75.8
76.59
75.75
75.87
75.06
76.22
75.28
75.64
75.45
75.5
75.32
75.41
75.55
75.74
75.05
75.46
75.56
76.34
75.67
76
75.66
76.6
75.68
76.22
75.59
76.74
75.71
76.35
75.99
23675
76.24
76.05
76.06
75.18
76.12
76.32
75.58
75.99
75.28
76.15
74.94
76.06
74.93
75.74
75.37
75.68
75.32
75.59
74.89
75.86
75.51
75.77
75.61
75.83
75.62
76.2
75.78
75.68
76.31
75.68
76.4
76.44
75.55
76.5
75.45
76.74
75.71
76.35
75.99
76.59
75.75
75.87
75.37
75.95
75.19
75.82
75.41
75.83
75.16
75.92
74.71
75.86
75.15
76.04
75.43
75.47
75.44
109.19
76.15
76.93
75.76
79.53
77.9
75.91
75.85
75.91
81.05
76.54
85.62
76.36
75.58
75.72
75.26
75.55
74.98
75.73
75.07
75.64
75.32
76.16
75.73
75.9
75.58
76.37
75.67
76.3
75.81
76.45
75.63
75.93
75.47
75.95
75.37
75.73
75.14
75.74
75.16
75.83
75.41
76.32
86.55
75.65
76.45
75.63
76.61
75.58
75.52
75.7
75.68
75.1
76.16
75.03
75.94
76.36
75.57
76.6
75.9
76.04
75.44
76.5
75.58
75.76
75.29
76.18
75.07
75.91
75.31
75.68
74.94
75.73
75.37
75.81
74.89
76
75.26
75.82
75.29
76.17
75.76
76.22
75.81
76.54
75.49
76.08
75.29
76.27
75.2
76.36
75.9
76.48
75.34
76.24
75.27
75.56
74.85
76.32
75.59
75.5
75.5
75.41
75.28
76.18
75.08
75.82
75.29
75.9
75.58
76.58
75.99
76.27
75.41
76.59
75.76
76.45
75.29
76.54
75.63
75.76
75.09
75.78
75.41
75.59
75.45
75.97
75.42
76.22
75.47
75.59
75.46
75.46
75.51
76.25
75.48
76.39
75.7
76.36
75.54
75.85
75.78
76.17
75.81
75.96
76.5
75.58
76.12
75.47
75.23
75.55
75.63
75.26
75.9
75.14
75.77
75.14
75.59
75.55
76.18
75.15
75.51
75.47
75.99
75.58
76.58
75.63
76.45
75.4
76.35
75.63
76.21
75.9
76.43
75.25
75.98
75.09
75.64
75.05
75.86
75
76.15
75.33
75.68
75.23
75.64
75.41
75.36
75.59
76.2
75.01
76.15
75.8
76.58
75.81
76.21
75.87
76.17
75.36
75.85
75.72
76.44
75.9
76.48
75.34
76.24
75.27
75.56
74.89
75.97
75.33
76.13
75.41
75.68
75.27
75.54
75.55
76.24
75.28
76.06
75.62
76.16
75.85
76.64
75.85
75.91
75.72
76.13
75.62
76.41
75.67
76.03
75.47
75.87
75.25
75.82
75.22
75.86
75.03
76.18
75.16
76.01
74.89
75.82
75.26
75.73
75.47
76.15
76.32
75.34
75.9
75.1
76.15
75.53
75.97
74.93
76.19
75.14
75.83
74.71
75.83
75.27
75.59
75.46
75.83
75.52
75.83
75.8
76.29
75.58
76.36
75.66
76.42
75.45
76.74
75.71
76.35
75.99
76.59
75.75
75.87
75.59
75.91
75.23
75.95
75.03
75.64
75.23
75.82
75.37
76.1
75.32
75.73
75.37
75.83
75.52
76.39
75.57
76.51
75.5
76.4
75.57
76.27
75.77
76.36
75.72
76.36
75.72
76.2
75.51
75.47
75.19
75.95
75.03
75.64
75.23
75.82
75.16
75.95
75.6
75.59
75.24
76.01
75.52
76.21
75.9
76.55
75.73
76.35
75.49
76.19
75.76
76.03
75.54
76
75.63
76.02
74.98
76.06
74.93
75.74
75.46
76.13
75.14
76.22
74.98
75.95
75.51
81.07
75.71
76.55
75.73
76.35
75.72
76.47
75.62
76.26
75.72
76.41
75.75
75.78
75.37
75.86
75.28
75.91
75.23
76.19
74.8
76.19
75.23
75.59
75.46
75.83
75.33
75.98
75.76
76.45
75.58
76.45
75.75
76.15
75.67
76.19
75.76
76.03
75.54
76.32
75.39
75.78
75.69
75.86
75.28
76
75.23
75.83
74.8
75.92
75.36
75.95
75.55
75.83
75.52
76.19
75.62
75.84
75.58
76.36
75.39
76.33
75.67
76.46
75.85
76.3
75.81
76.45
75.54
76.02
75.29
76.01
75.19
75.41
75.83
75.19
76.36
75.77
76.47
75.76
76.21
75.43
76.28
75.14
75.37
75.41
75.97
75.27
75.59
75.41
75.68
75.19
75.83
75.14
76
75.14
75.84
75.61
76.23
75.49
75.99
75.59
76.5
75.58
76.31
75.76
76.5
75.85
76.12
75.34
76.05
75.33
75.41
75.46
76
75.14
75.74
74.98
75.77
74.91
76
75.03
75.91
75.14
76.38
75.7
76
75.85
76.53
75.68
76.5
75.49
76.22
75.49
76.27
75.54
76
75.63
76.02
75.6
76.01
75.46
75.92
75.37
75.41
75.41
75.5
75
75.91
74.85
75.68
75.16
76.1
75.62
76.2
75.49
76.18
75.39
76.47
75.76
76.1
75.67
76.03
75.72
76.09
75.63
76.15
75.17
75.88
74.93
75.92
74.92
75.77
74.96
75.68
75.19
75.65
76.44
76.18
75.45
76.35
75.54
76.22
75.49
76.41
75.67
76.21
75.43
75.83
75.32
75.59
75.02
75.74
75.46
75.59
75.5
75.5
75.27
75.81
75.51
75.77
75.61
75.83
75.62
76.2
