77.13
75.78
75.3
75.37
75.61
75.34
75.3
75.22
75.79
75.58
76.19
75.78
75.24
75.39
75.19
75.64
75.1
75.42
75.02
75.55
76.06
75.16
76.11
75.31
75.16
75.4
75.38
75.42
78.27
75.71
75.34
74.8
75.06
75.99
75.87
74.91
75.14
75.89
75.53
75.15
75.51
75.81
75.06
74.64
75.23
75.8
76.16
75.83
75.16
75.2
75.12
75.34
76.04
75.21
75.61
75.83
75.05
75.35
76.43
75.6
75.24
75.72
75.24
74.91
75.32
75.53
75.17
75.6
75.6
75.54
76.32
75.09
75.05
75.89
75.35
75.69
75.33
75.72
75.06
76.02
75.59
75.48
75.7
75.56
75.07
75.83
75.57
75.88
75.24
75.99
74.88
75.63
328.02
75.72
75.29
75.8
76
75.58
74.79
75.84
75.31
75.43
75.12
75.7
76
75.39
75.11
75.84
75.5
75.54
75.39
75.75
75.05
75.54
76.11
75.25
75.19
75.12
75.29
74.98
75.64
75.48
75.29
75.48
75.14
76.08
75.3
75.07
74.92
75.84
75.56
75.75
75.05
75.54
76.11
75.26
74.77
75.88
76.02
75.8
75.28
75.31
75.78
75.48
74.51
75.99
76.02
75.43
75.28
75.12
75.83
75.8
74.65
75.85
76.23
75.57
75.04
75.07
75.84
75.39
75.85
75.25
75.03
74.99
75.82
76.12
75.06
75.79
75.19
75.48
75.47
75.57
75.14
75.54
75.84
75.21
75.5
75.45
75.21
75.61
75.82
75.21
74.66
75.34
75.1
75.93
75.38
75.39
74.51
178.85
75.74
75.74
75.05
75.39
75.24
75.32
74.88
75.75
75.24
74.88
75.92
76.09
75.29
75.74
75.91
75.94
74.87
75.47
75.5
75.57
75.24
75.68
75.78
75.3
75.51
75.47
75.28
75.67
75.68
75.42
75.29
75.82
76.01
75.42
75.2
75.64
75.2
75.38
74.65
75.76
75.14
75.84
75.64
76.12
74.96
75.42
76.01
75.82
74.93
75.6
75.11
75.46
76.1
75.56
74.83
75.31
75.86
75.57
75.55
75.94
74.96
75.6
75.65
75.37
75.02
75.43
75.5
76.02
75.06
75.5
75.42
75.21
75.33
75.88
75.78
75.3
75.51
75.47
75.5
75.57
75.24
75.16
74.87
75.43
75.61
75.4
75.43
75.29
75.88
75.59
75.24
75.54
75.05
75.35
76.43
75.6
75.63
75.35
75.83
75.32
76.18
75.66
74.85
75.64
75.02
75.88
75.75
75.37
75.74
75.49
75.29
75.59
75.28
75.62
75.66
75.73
75.92
75.58
75.2
75.59
74.65
75.84
75.29
75.05
75.64
75.39
75.3
75.64
75.2
75.53
74.94
75.19
75.11
75.4
76.01
75.05
75.64
75.52
75.66
75.1
75.2
75.94
75.29
75.05
75.64
75.53
76.37
74.87
75.91
75.48
74.94
75.19
75.11
75.89
75.75
75.37
75.74
75.49
75.29
75.59
75.28
75.35
75.83
75.32
76.18
75.66
74.85
75.64
75.02
75.88
75.75
75.37
75.74
75.49
75.29
75.59
75.28
75.86
74.94
75.83
75.01
75.71
76.19
74.93
75.83
75.36
75.2
75.11
75.11
76
75.84
75.47
75.46
148.17
75.54
75.23
75.39
76.33
75.56
75.34
75.56
75.7
75.88
75.23
75.12
76.06
75.83
75.16
75.2
75.87
75.54
75.23
75.35
75.17
75.42
75.78
75.36
75.46
75.09
75.05
75.89
75.8
75.33
74.97
75.45
74.65
75.09
75.86
75.26
75.8
75.69
75.33
75.27
75.83
75.65
75.16
75.65
75.03
76.06
75.95
75.48
75.38
75.56
75.25
75.02
75.93
75.7
75.05
75.3
75.11
75.83
75.88
75.38
75.48
75.52
75.05
75.93
75.38
75.38
75.52
75.38
75.12
75.25
75.5
75.48
75.65
75.56
75.07
75.83
75.57
75.43
75.41
75.66
76.24
75.56
75.34
75.56
75.39
75.52
75.23
75.57
75.65
75.56
75.07
75.83
75.57
75.43
75.41
75.66
76.24
75.33
75.05
75.37
75.46
75.69
75.29
75.37
75.8
75.34
75.3
75.22
75.79
75.58
76.19
75.78
75.44
75.85
75.38
75.15
75.24
75.93
74.83
74.95
75.15
76.05
74.84
75.19
76.06
75.34
75.57
74.77
75.6
75.96
75.65
75.01
75.16
75.7
75.57
74.86
75.17
75.7
75.39
75.4
75.88
75.76
75.29
75.69
75.92
75.75
75.19
75.55
75.28
75.96
76.1
75.19
75.8
75.52
76.2
75.22
74.89
76.12
75.02
75.51
76.07
75.49
75.74
74.97
74.88
75.66
75.37
75.01
74.66
75.93
75.01
75.37
75.64
76.14
75.11
75.37
75.89
75.7
75.39
75.49
75.34
75.31
75.74
75.24
75.8
75.52
76.2
75.22
74.89
76.12
75.02
75.51
75.26
75.13
74.75
75.06
76.2
75.73
76.1
76.03
75.69
75.68
75.19
75.03
75.3
75.46
75.38
75.31
75.75
75.47
75.46
75.44
75.29
75.47
75.29
76
76.41
74.87
75.91
75.48
74.94
75.19
75.11
75.4
75.88
75.29
75.38
75.91
75.3
75.29
75.37
75.53
75.44
75.55
75.11
75.94
75.47
75.14
75.46
75.57
75.12
75.47
75.01
75.35
75.74
75.38
75.74
76
76.11
75.64
75.74
75.31
75.11
75.05
75.01
75.57
75.57
75.73
75.92
75.58
75.2
75.59
74.65
75.75
76.29
75.11
75.64
75.35
75.11
75.47
75.29
75.73
75.7
75.47
75.46
75.44
75.29
75.47
75.29
76
76.41
74.87
75.91
75.48
74.94
75.19
75.11
75.4
75.88
75.29
75.38
75.91
75.68
76.13
75.64
74.92
75.57
74.85
75.04
75.88
75.49
75.74
74.97
74.88
75.53
75.82
75.46
75.19
75.6
75.65
75.46
75.16
75.93
75.3
75.13
75.34
75.94
74.66
75.33
75.87
75.44
75.19
75.37
75.46
75.51
76.1
75.55
75.43
75.57
76.2
75.22
74.89
76.12
75.02
75.51
75.42
75.53
75.1
75.37
75.46
75.69
75.29
75.37
75.61
75.75
75.3
75.4
75.52
75.67
76.28
75.33
74.61
75.89
75.37
75.01
75.19
76.23
75.29
75.37
75.61
75.21
75.03
75.04
76.24
75.49
75.38
75.69
75.33
75.53
75.55
74.83
75.1
76.14
75.38
74.92
75.34
75.03
75.75
75.13
75.07
75.13
74.75
75.06
76.14
76.04
75.2
75.64
75.7
75.52
76.2
75.25
75.1
75.3
75.51
75.65
75.7
75.57
74.96
75.2
75.28
75.52
75.59
76.07
75.16
75.93
75.87
75.53
75.44
75.84
75.14
75.71
76.06
75.12
74.88
75.26
75.71
75.48
75.23
75.35
75.16
75.66
75.69
75.26
75.17
75.12
75.68
75.62
75.52
75.48
74.97
75.53
75.98
75.84
74.78
75.53
75.7
75.57
75.06
75.8
75.53
75.75
75.77
76.07
75.34
75.57
75.33
75.35
75.98
75.57
74.87
75.8
75.97
75.39
74.88
75.53
75.35
75.66
75.32
75.17
74.98
75.48
76.05
75.71
75.35
75.12
75.5
75.44
75.61
75.48
75.42
75.35
75.53
75.84
74.96
75.89
75.34
75.48
75.87
75.89
75.26
75.93
75.68
75.53
75.34
75.84
75.15
75.71
76.37
75.39
75.61
75.23
75.94
75.07
75.66
75.23
75.94
75.12
75.66
75.23
75.94
75.07
75.66
75.23
75.94
75.12
75.66
75.23
75.94
75.07
75.66
75.23
75.94
75.12
75.66
75.23
75.94
75.07
75.66
75.23
75.94
75.12
75.66
75.23
75.94
75.07
75.66
75.23
75.94
75.42
75.21
75.1
76.07
75.42
75.21
75.1
76.07
75.47
75.21
75.1
76.07
75.42
75.21
75.1
76.07
75.84
75.2
74.83
75.07
75.84
75.2
74.83
75.07
75.39
75.74
75.28
75.25
75.39
75.74
75.28
75.25
75.3
75.56
76
75.43
75.3
75.56
76
75.43
75.25
75.56
76
75.43
75.3
75.56
76
75.43
75.25
75.56
76
75.43
75.3
75.56
76
75.43
75.52
75.39
75.35
75.69
75.12
75.15
75.12
75.34
75.43
75.57
76.02
75.15
75.48
75.24
76.02
75.43
75.79
76.2
75.48
74.88
75.75
74.88
75.39
76.33
74.89
75.66
75.21
75.24
75.75
75.33
75.75
75.88
75.65
