824546
597672
595226
632732
594255
600682
593397
593872
594957
617567
596099
594794
593385
598796
593967
591273
595651
596448
594017
592325
596957
678935
599482
594671
595503
594271
594327
620808
599543
596750
715257
595528
596282
596243
594319
601941
596347
596178
613351
600569
599708
596629
599463
738414
596963
618491
599548
601355
594651
598580
595028
595857
595306
594575
594381
594701
598011
601102
593668
599105
595200
595710
596282
594456
619587
692273
1.45124e+06
894326
706041
754211
629010
594322
597041
878414
845759
970390
603815
596471
593855
623526
600550
595135
600447
745422
598660
596455
595901
593422
595754
601534
596785
594420
593862
595191
594883
595121
595382
620722
598496
662369
598238
595224
601835
595095
679183
686493
595837
596106
610701
594485
593577
600951
596538
595402
598191
617041
597982
598391
599165
596220
595540
593482
596739
597309
595249
594972
597292
675989
596099
596442
593664
595347
593217
623220
598319
712870
597753
595109
595144
595558
600638
597919
593392
596431
593912
615610
594954
599090
594628
675058
594975
620241
599441
598310
594818
595493
600133
595606
596753
608450
595241
594311
599700
596488
594846
595614
594820
595617
596558
618416
596990
668804
599544
595311
595284
595125
600157
596109
595841
595185
594668
595998
610810
594664
601762
595669
592955
622062
597609
599606
595007
599191
677958
595238
596568
652695
595413
596292
602231
596408
595234
598057
596010
594543
594963
692815
617373
599320
696512
596246
595407
595530
603210
593874
680350
595612
594993
595060
610721
594575
602124
597345
594786
610553
607760
599481
595943
599965
595196
594610
597518
593337
595073
595833
598196
594887
675470
595455
595954
594915
592885
674458
620941
599045
710154
598785
595000
596882
600830
594075
596099
595014
595935
593511
597456
610173
600872
682758
601102
595106
623559
600233
594987
599617
595115
594550
594630
592793
594381
595826
600291
595014
593574
598038
596956
595997
594506
595729
613754
673724
698298
595837
593509
598264
594961
601210
595638
595227
596977
593950
593738
599331
616465
595687
595409
593791
616960
602170
595212
599830
594720
687023
656116
601406
636152
623561
635220
624716
615979
618507
616622
616869
616708
629599
649533
722414
620022
609516
601460
617424
636504
626279
722599
628793
626608
629465
626815
631771
639690
622665
617162
640184
618119
599918
600109
598693
595987
593880
594884
595471
595114
598764
593813
685097
598557
598809
599139
594853
602142
616552
613207
795997
601707
601578
618891
624981
636240
868087
732905
729417
724672
739858
737141
683072
601320
648609
621322
631139
655971
616549
627492
625115
625189
611499
595344
601620
692118
689037
689553
691370
694193
691347
709105
769382
1.34671e+06
752549
701067
767712
604354
596773
596709
596711
594319
594267
600120
595492
596369
612853
621026
600024
596881
599356
595961
651721
596344
594756
596194
593925
599032
596142
618160
603021
599463
596619
595002
595148
619675
599262
686383
599507
595038
600100
595830
602194
595681
595531
598008
616530
596808
597638
601898
596125
594165
611106
620434
609801
599287
599661
592065
595038
594942
595685
595118
593822
598538
593924
595767
595669
593483
594405
594126
594401
608984
602838
693898
598423
596806
595341
596058
601344
594115
594039
596629
595162
594823
593743
621469
598977
596426
596435
607417
598170
599540
599238
594747
594582
595922
598384
594508
595105
593920
599023
595004
595646
597525
594794
596280
593900
599706
616851
709676
596167
594906
595933
595481
601769
595947
593548
594971
596838
593241
596392
600197
596298
593844
593383
594422
636822
597169
595765
595364
598671
595294
596289
663690
593712
594309
600886
594923
593471
593147
595186
596624
595485
599098
618716
675710
596271
594165
595820
594813
601078
597838
597481
597298
595059
593976
593314
597953
595283
594473
594510
597024
618810
613887
598837
595486
594312
595096
595825
595300
598784
594546
600116
595236
594558
593003
622705
594267
595562
600105
615766
722889
602196
596309
598737
595944
602327
602123
602125
612825
617278
618997
633476
746496
723023
724385
728937
752369
716552
628612
630133
646570
626137
617454
616587
622437
631732
620494
787546
754580
768153
776537
733467
757776
861440
722939
725042
799739
784976
800320
774202
674017
702923
624524
636847
623497
627166
631594
644560
845336
739150
734592
655826
661108
625882
623210
617258
623668
616364
620896
616066
617198
737409
730056
722465
618172
786388
595575
595695
594971
595813
604180
596164
595818
595117
595678
592045
593971
601263
596564
594395
606856
614799
597339
597384
600932
611512
595449
594877
595220
594326
596137
600045
597836
599674
606653
602820
619659
616479
624540
635094
620001
866143
619167
601772
601626
610231
603917
602653
610277
617326
616047
625910
621510
623403
622929
623781
602783
618887
597361
603051
611248
598135
594502
594404
609103
830836
604160
596262
605552
608401
612615
616460
652407
652113
669183
841223
618251
607398
601916
601549
609185
601696
601400
743534
779945
770083
788704
748288
612462
615601
735244
615323
604371
604714
615351
606007
603325
617280
828150
780065
770782
617416
615527
600787
597688
596781
605377
621311
682747
601342
610759
604584
600870
609291
646353
694604
665794
643213
616422
610441
603460
597920
598061
760395
621085
601441
600367
605003
598041
614123
597142
597582
597969
598392
601608
597415
596980
597114
599793
599041
600279
601309
614213
600072
610680
597626
597127
596477
603053
598365
596326
596067
597500
601222
597712
700317
597929
597320
596432
599078
621842
599804
600096
598265
595494
596241
612601
599711
597849
600005
604087
597351
597446
600721
596897
595557
595691
602123
615769
663076
601342
600435
599483
597484
603511
596577
596020
596294
596871
602791
598136
600147
598197
596743
596239
595564
619799
597876
598016
602300
597754
597252
612955
598525
597438
596996
602094
598680
595164
595973
598980
605896
595982
601242
616615
681617
600864
598666
598779
595548
603262
597055
599734
596424
596834
599459
596853
602216
599259
596150
596720
596900
620588
600862
599800
602779
601266
596537
597575
629645
597804
596887
602992
597114
595585
595967
596820
598340
597440
600865
617244
713083
601445
599451
596043
597969
604642
599332
596164
594905
596130
597121
597117
600998
598493
596754
595494
596656
622661
599866
598220
602606
597114
597325
596504
597065
612364
596303
602525
596435
596753
596048
598761
598763
596915
602976
623907
878022
603642
602829
596105
597194
603827
598867
596402
598035
612936
598446
597247
605782
596849
597493
595158
595993
623291
602066
605637
596686
597831
596941
656878
597211
614155
601285
598090
595395
596939
596552
595848
597268
596807
600043
619657
660082
604235
599432
597792
597944
602109
596590
596300
598877
596741
596722
597073
601775
598007
598096
596186
599506
621853
600906
602789
596136
599450
598969
597410
597089
614238
597272
596916
597287
595899
596003
598178
597379
597485
602352
620292
667964
604060
600513
603521
610440
777034
740525
735892
774927
737239
720409
629894
618179
739707
611665
628174
606747
608848
613613
