596789
588586
587525
588873
588997
683225
591254
590293
597268
589684
591729
588067
589002
589524
587878
591027
589273
588092
726658
590722
589068
589091
610635
590267
612032
613919
595007
587513
614053
591840
589052
677882
590656
592224
589191
589671
588908
588035
589017
588871
588645
589101
590485
598694
588738
596055
588979
589542
589401
592952
587801
591576
589555
589577
589154
590287
589240
675037
589170
589934
589975
589348
693094
587896
590966
590901
588056
636492
588443
589294
589621
595752
589785
591448
587663
588837
589463
591473
590500
589995
590058
587851
588431
678337
587440
588182
589819
587200
588312
588481
587359
588467
587873
587911
590241
593361
586954
591748
587851
587805
588873
589814
588938
587191
593048
702349
588798
589109
589336
673209
590612
592581
590552
588191
588258
600510
659391
589794
588699
589549
590322
589608
589115
589681
588312
589630
589296
590090
588967
590956
590680
588381
589333
589232
591666
672389
590430
588655
592525
589301
591053
594390
590037
592302
587996
589686
590133
589502
756694
599447
589442
588667
588055
591819
588060
588094
586967
589045
614029
588464
590642
674235
587556
587207
595738
591109
588975
590733
588303
588935
587300
587848
587173
589039
588108
587279
588875
588407
586630
587108
587340
591307
590213
588941
591219
589065
588265
658742
592496
589474
587991
589258
684967
588015
588185
588219
587107
588967
613913
592909
588468
685368
589541
593813
591539
588319
588103
588615
588970
822651
814424
837964
1.07579e+06
755259
867045
773519
868918
826666
736374
587727
589619
608672
590265
589085
595438
593599
587595
587733
588807
589411
588234
727152
589711
589073
587818
673246
655850
589182
589933
589397
590458
597292
591293
589314
588799
655555
611202
591217
588384
588975
589474
587217
588995
588931
588336
589046
589638
589574
588024
589431
588289
667547
593204
588696
594558
599710
592343
588946
589493
589827
589430
589690
589218
589931
694382
589435
589226
588065
589701
589338
588099
592233
589436
588463
614735
588563
590420
666406
594065
590050
588897
590531
589303
587705
589271
589211
588509
588848
591158
588214
587782
588745
589185
587902
588396
588262
587513
589156
591515
587712
589719
589211
588392
589366
669686
588845
590803
589849
685538
589626
588600
588753
590099
588724
586806
592041
588948
588815
600091
590940
590238
587510
589322
590346
590907
589244
588834
588596
588187
588969
588660
587447
589219
588699
587477
594442
593579
587702
589188
592802
588240
593490
589201
592372
587971
589779
588388
587319
589733
589470
587942
757770
594005
589495
588778
588413
589014
590108
590916
587737
590696
599927
588714
592023
659541
589354
589342
599032
589275
589186
588881
591010
589762
589577
589488
588318
630789
589949
590249
592372
589300
590440
590406
588212
589206
592445
587841
589107
588635
588570
590009
590260
588306
590050
588565
750692
589727
588455
605932
591306
633212
589756
588772
589954
618067
589936
591133
588841
589551
589759
589811
590855
603517
589152
588254
589380
589799
588301
588849
589487
590634
590922
589500
587799
589128
588814
588105
595665
596650
590193
590426
589337
589551
589314
589441
589291
589358
589653
1.04883e+06
590254
589124
588889
588372
637561
589821
592722
589442
597763
589861
592195
588946
590442
589091
588571
589114
589584
588162
589409
589468
588014
588744
588748
639231
590698
588095
589538
588898
588174
588224
588286
587478
590125
588883
588172
587207
587886
588516
588776
588350
588022
589408
1.07894e+06
831455
835351
659782
818693
591005
598085
694534
632199
659161
594117
590510
589249
590460
593576
588861
588241
1.08711e+06
590365
610923
588940
589309
590916
703691
590847
591409
590156
590065
589361
589037
592616
590259
589855
590702
588090
588796
588136
588499
590110
589040
587939
776570
590398
589106
590114
589309
654512
601573
591229
588686
695377
592545
594474
590264
590205
589580
591182
591034
591169
589061
589441
589580
589548
590765
590430
591492
590674
590333
590174
593323
590123
589657
588861
589209
591413
588722
590185
589811
589271
589303
589776
589753
589614
589118
710345
596348
588812
591103
590240
638328
591922
589116
589307
589889
598585
589339
592603
589693
589329
589328
592327
588318
590013
589690
588564
590508
590428
588599
589004
589791
590031
588993
589460
589477
588427
589259
590042
591995
591963
590451
592143
589777
591064
589877
588204
589207
589356
733291
589763
589681
589192
588750
587385
588803
589313
590270
590324
602065
588879
591801
589219
589614
661766
591077
588405
589751
589717
588519
589131
589057
588556
589958
591977
589774
591691
591375
589354
588398
589233
590306
589859
591702
589605
589635
587947
589492
590145
589623
589824
589368
590229
747759
588992
588915
589018
590444
619083
590484
590638
589285
590055
615718
845902
591279
589883
589394
961589
591483
590980
589655
588824
588479
590109
589589
589138
589718
590753
588635
590188
590205
589123
590630
590049
613141
592069
590558
590275
590996
588568
590581
590271
588438
590348
906706
825963
774828
592685
589674
589022
589689
591665
588123
601304
589580
592878
588920
589966
590412
589811
590726
590193
588096
588796
589564
589450
588288
589761
590984
587791
588682
588877
587585
588916
589596
588361
589307
590629
588485
589438
589216
589218
588190
588612
589554
588417
590894
992398
589315
591375
592163
588841
635539
593388
590388
590098
599077
590521
590114
592669
659646
591059
597201
628963
590826
590422
590862
724304
650953
590499
589970
589932
589988
589318
592443
593912
590069
590567
590670
591291
594475
590748
590620
589872
590192
590836
592935
589363
592952
727289
602353
597665
597427
635873
629938
616656
619068
639701
621978
666058
635562
621272
632241
621588
618056
627501
617594
628304
635210
618526
612152
618695
610198
611047
618172
603353
639927
598833
904010
710313
703787
710966
708005
594655
710203
705502
707923
705396
595388
788392
722267
709233
595098
591937
595399
597474
590887
590557
589589
604113
590898
593783
589634
590649
590019
592166
603511
592601
593645
589258
589867
589933
587658
589363
590778
591764
589313
590051
589871
588144
589735
589992
593019
594554
591299
595300
591844
590685
590729
589564
590881
590503
590567
707411
591264
590106
590982
591006
609243
591186
591937
590764
599445
590371
660865
594058
589867
590608
590894
631844
591273
589099
589988
590767
589543
590610
590823
594811
612415
594095
592142
590569
589956
590464
589956
589776
590483
593062
590872
589337
590398
591274
591304
590862
590727
618146
992234
590578
590947
591198
604516
624498
590971
590529
770631
620132
592044
593331
589478
591161
590494
592222
590501
588780
588432
588967
592450
590349
591568
591640
589575
588597
589975
590737
590702
589323
589838
589668
590284
593587
591653
589069
590253
590080
589825
588873
590291
589241
588261
1.06519e+06
807407
622370
591312
590664
590116
593094
591165
601361
589843
590580
594607
590897
588678
591181
589586
589548
590417
591838
589345
590469
590859
590460
589012
591618
590409
590313
594571
590677
590157
590337
591017
590641
590701
593165
591589
589548
591356
590602
590241
589285
