28.665
28.3564
28.5068
28.3873
28.3526
28.3371
28.4181
28.3911
28.4413
28.3718
28.5454
28.5107
28.3024
28.3024
28.4683
28.5145
28.3526
28.422
28.2831
28.4066
28.3487
28.4953
28.4413
28.5107
28.4413
28.4066
28.4413
28.4953
28.3371
28.2484
28.4066
28.4683
28.2677
28.3718
28.2253
28.4451
28.2986
28.5107
28.4181
28.4413
28.4181
28.3526
28.3834
28.3873
28.476
28.2947
28.4413
28.4605
28.3487
28.4413
28.5878
28.4258
28.5261
28.4413
28.3526
28.3757
28.422
28.3526
28.3873
28.3718
28.3834
28.3217
28.4066
28.3718
28.6148
28.5454
28.3718
28.1983
28.3988
28.4451
28.6187
28.2793
28.5454
28.368
28.5107
28.4066
28.2561
28.4721
28.5107
28.5107
28.4953
28.53
28.3217
28.3873
28.2446
28.3178
28.5454
28.4181
28.4567
28.4721
28.4528
28.4413
28.4413
28.4413
28.4953
28.5493
28.4258
28.4567
28.2446
28.422
28.4066
28.503
28.3178
28.5994
28.3757
28.5338
28.422
28.3024
28.3718
28.2793
28.4143
28.4413
28.3487
28.3178
28.4066
28.2947
28.422
28.368
28.2793
28.4721
28.4066
28.3873
28.3217
28.4258
28.4605
28.422
28.3834
28.2484
28.4567
28.4027
28.4413
28.476
28.3256
28.4027
28.476
28.5107
28.3718
28.5223
28.3448
28.4258
28.4066
28.2986
28.287
28.5377
28.4413
28.4605
28.2523
28.4066
28.5068
28.314
28.4914
28.4027
28.449
28.3564
28.2677
28.4374
28.4258
28.2986
28.4413
28.4258
28.287
28.3718
28.4374
28.3487
28.4567
28.422
28.2793
28.4413
28.557
28.2831
28.4374
28.5647
28.3371
28.26
28.5068
28.3487
28.3718
28.4066
28.3988
28.5493
28.368
28.3024
28.4528
28.2677
28.3988
28.4451
28.5261
28.5261
28.422
28.3718
28.4875
28.3718
28.314
28.476
28.4837
28.4258
28.4914
28.3024
28.3178
28.422
28.2793
28.4914
28.4413
28.1906
28.3371
28.4066
28.2947
28.4451
28.2986
28.5107
28.4181
28.4413
28.4181
28.3526
28.3834
28.4528
28.4413
28.1906
28.3371
28.4066
28.2947
28.5145
28.4374
28.4066
28.4914
28.3024
28.3178
28.4605
28.5107
28.2947
28.4374
28.4567
28.4413
28.3371
28.3641
28.3757
28.5763
28.5107
28.2793
28.3718
28.2947
28.4451
28.3873
28.3873
28.422
28.3718
28.2793
28.4798
28.4335
28.4374
28.422
28.3834
28.422
28.4104
28.3333
28.4258
28.3718
28.3641
28.368
28.4027
28.3526
28.5107
28.3834
28.5493
28.3333
28.4413
28.4066
28.4413
28.5493
28.368
28.5145
28.3487
29.5366
28.422
28.4567
28.4374
28.2098
28.3526
28.3178
28.4528
28.53
28.4258
28.4528
28.4837
28.4914
28.4181
28.476
28.422
28.4374
28.4413
28.3873
28.53
28.4953
28.5647
28.422
28.4258
28.2446
28.4837
28.4914
28.4181
28.476
28.2716
28.5338
28.4104
28.3487
28.5261
28.422
28.2446
28.4953
28.4605
28.2446
28.4605
28.4374
28.4413
28.4258
28.2176
28.5454
28.4721
28.3834
28.287
28.5647
28.4953
28.3873
28.3487
28.3873
28.3371
28.3988
28.3371
28.4258
28.287
28.3718
28.4374
28.3487
28.4567
28.422
28.2947
28.4258
28.476
28.2986
28.3911
28.2638
28.4066
28.4953
28.3256
28.5685
28.3526
28.4413
28.476
28.4528
28.2407
28.3911
28.4953
28.4528
28.5878
28.3526
28.314
28.4413
28.3063
28.395
28.4721
28.476
28.5454
28.5261
28.4605
28.2638
28.3911
28.4027
28.4027
28.287
28.1481
28.4413
28.3333
28.3834
28.5608
28.3873
28.4605
28.3873
28.314
28.422
28.4413
28.4683
28.3526
28.368
28.3294
28.4991
28.3873
28.4066
28.5454
28.4528
28.4143
28.4605
28.4605
28.2446
28.4837
28.4914
28.4181
28.476
28.2716
28.5338
28.4451
28.4181
28.4567
28.4914
28.3487
28.4953
28.4605
28.314
28.3217
28.2291
28.3024
28.4605
28.2176
28.476
28.3333
28.4528
28.4798
28.3371
28.2947
28.3718
28.476
28.3178
28.422
28.4374
28.2677
28.4413
28.3256
28.4721
28.4066
28.3873
28.3217
28.4258
28.1558
28.4066
28.3371
28.2484
28.4567
28.4027
28.4413
28.476
28.3641
28.476
28.3333
28.3487
28.422
28.422
28.2793
28.4605
28.4066
28.3526
28.3178
28.2986
28.476
28.2677
28.1867
28.4027
28.5107
28.3718
28.3217
28.476
28.2253
28.3757
28.4413
28.503
28.5454
28.5184
28.4258
28.4914
28.4066
28.2831
28.4258
28.476
28.3988
28.368
28.4027
28.3526
28.5107
28.3834
28.4066
28.5878
28.4413
28.3873
28.4451
28.3333
28.4104
28.4066
28.4567
28.5878
28.3526
28.476
28.476
28.3988
28.4451
28.3333
28.5107
28.3487
28.5608
28.3641
28.5493
28.3178
28.3873
28.476
28.4335
28.3371
28.4258
28.3834
28.4066
28.449
28.3564
28.3873
28.476
28.3526
28.4798
28.2831
28.422
28.422
28.476
28.2098
28.4605
28.3024
28.4027
28.4914
28.3487
28.3873
28.4451
28.3333
28.4104
28.4066
28.2947
28.5184
28.3333
28.4413
28.3371
28.3641
28.2986
28.5608
28.3718
28.5261
28.4451
28.3333
28.4104
28.4413
28.4914
28.4837
28.4066
28.4413
28.4413
28.4335
28.4451
28.5068
28.4066
28.4181
28.5261
28.4335
28.4451
28.2484
28.4914
28.3873
28.5801
28.4567
28.4066
28.2793
28.4143
28.3178
28.4181
28.3024
28.2368
28.4991
28.368
28.3718
28.3718
28.2098
28.3448
28.5647
28.5107
28.4721
28.5531
28.2831
28.314
28.4066
28.3063
28.5338
28.4567
28.4066
28.2831
28.422
28.4181
28.4605
28.4605
28.3487
28.449
28.3178
28.368
28.4258
28.2176
28.5454
28.4721
28.3834
28.2831
28.2137
28.3911
28.4914
28.4875
28.4567
28.5454
28.3641
28.4914
28.368
28.3294
28.5685
28.3526
28.4413
28.476
28.4528
28.2407
28.3911
28.4953
28.4528
28.5878
28.3526
28.314
28.4413
28.3063
28.395
28.4721
28.476
28.5454
28.4875
28.3796
28.4953
28.5107
28.4374
28.4413
28.4374
28.4413
28.5107
28.2908
28.3333
30.5009
28.4258
28.4181
28.4567
28.5107
28.4683
28.5107
28.4066
28.4413
28.422
28.3834
28.4567
28.5107
28.4528
28.5454
28.5184
28.4258
28.4914
28.5107
28.3641
28.6187
28.422
28.3873
28.2484
28.4413
28.3834
28.3718
28.3834
28.4066
28.449
28.3564
28.3873
28.476
28.3526
28.3526
28.3487
28.3873
28.476
28.3641
28.5107
28.3371
28.4335
28.3757
28.5763
28.5107
28.2793
28.233
28.4181
28.3873
28.4875
28.3294
28.4027
28.3333
28.4914
28.3024
28.3834
28.2677
28.6573
28.4413
28.5454
28.4413
28.3641
28.3757
28.422
28.3526
28.3873
28.3834
28.3371
28.5454
28.2253
28.368
28.3526
28.3487
28.422
28.5454
28.3834
28.4914
28.2793
28.422
28.5107
28.503
28.4066
28.5647
28.4066
28.4413
28.3718
28.5107
28.3371
28.5107
28.4335
28.3873
28.4066
28.4567
28.5878
28.4374
28.4066
28.5107
28.3294
28.4027
28.422
28.3834
28.422
28.4451
28.3333
28.4104
28.7691
28.4953
28.3178
28.368
28.3526
28.3487
28.422
28.584
28.368
28.584
28.4914
28.3873
28.3873
28.5107
28.3487
28.5647
28.476
28.4181
28.422
28.3834
28.422
28.4104
28.3333
28.5145
28.4413
28.3294
28.4837
28.4027
28.5454
28.476
28.3988
28.4027
28.2831
28.5801
28.5107
28.5801
28.4683
28.4798
28.2831
28.422
28.422
28.2986
28.5107
28.5107
28.4335
28.4374
28.3873
28.3487
28.3873
28.2137
28.4181
28.3873
28.4875
28.5261
28.4413
28.3641
28.5107
28.53
28.3834
28.4066
28.5878
28.4605
28.3178
28.476
28.4914
28.4798
28.5608
28.4914
28.422
28.4066
28.3834
28.4605
28.4413
28.4181
28.3178
28.314
28.422
28.6187
28.4027
28.5493
28.5107
28.3988
28.5878
28.5068
28.476
28.4413
28.4683
28.4027
28.422
28.4413
28.3718
28.4413
28.3294
28.5145
28.422
28.4567
28.422
28.3333
28.5377
28.3294
28.3834
28.395
28.2098
28.368
28.4914
28.4413
28.5107
28.3371
28.2947
28.341
28.4567
28.3526
28.4914
28.4027
28.4413
28.3371
28.3641
28.2986
28.5608
28.4528
28.3178
28.3873
28.314
28.3178
28.3487
28.4567
28.5454
28.3294
28.4066
28.53
28.4528
28.5454
28.5184
28.4258
28.4914
28.4066
28.2831
28.4451
28.3873
28.3873
28.422
28.3718
28.2793
28.5647
28.4066
28.4528
28.3873
28.4528
28.422
28.5493
28.4721
28.4451
28.3024
28.4335
28.449
28.4027
28.4066
28.3718
28.2947
28.4374
28.3873
28.4066
28.4413
28.5801
28.3294
28.4798
28.2484
28.4914
28.422
28.4027
28.3526
28.5107
28.3834
28.4066
28.5878
28.4605
28.3178
28.3718
28.2947
28.4451
28.3873
28.3873
28.422
28.3718
28.2793
28.4066
28.3641
28.4451
28.4027
28.4066
28.3834
28.3718
28.314
28.53
28.4413
28.3641
28.4914
28.2986
28.476
28.4721
28.4413
28.4721
28.4181
28.3718
28.476
28.5107
28.4605
28.476
28.3988
28.4258
28.476
28.2986
28.3911
28.2638
28.4066
28.4953
28.287
28.3024
28.5068
28.4875
28.422
28.4914
28.4181
28.53
28.4258
28.368
28.4258
28.4374
28.4413
28.5647
28.287
28.4066
28.368
28.422
28.3564
28.4605
28.5647
28.3526
28.3834
28.4567
28.4413
28.4374
28.3371
28.5454
28.3256
28.4374
28.476
28.422
28.4258
28.476
28.2253
28.4066
28.4413
28.2137
28.2831
28.4027
28.5454
28.3718
