83.69
82.61
81.04
81.03
81.81
82.62
79.22
81.26
81.55
82.94
79.47
81.67
82.1
82.82
81.22
82.5
81.58
82.5
80.92
82.23
82
83.12
80.34
82.37
82.01
82.85
81.64
82.37
82.43
82.52
82.02
81.86
83.03
79.84
81.67
81.77
82.33
79.57
81.8
82.1
83.07
82.83
83.12
81.64
81.18
81.92
82.62
79.7
81.98
82.05
83.02
79.76
81.58
82.05
82.4
78.89
81.34
81.95
82.53
80.41
81.53
81.96
83.12
80.11
82.36
81.95
82.78
79.12
81.89
82.1
82.71
79.8
81.45
81.91
82.53
82.05
82.46
81.86
82.33
80.1
82.73
82.1
83.12
80.87
81.61
82.18
83.03
79.94
82.32
82.15
82.24
79.66
81.85
81.95
82.78
79.12
81.89
82.01
82.4
80.29
81.62
81.77
82.7
81.69
81.58
81.77
83.11
79.76
81.76
81.96
82.58
78.98
81.43
81.77
83.12
81.02
82.5
82.09
82.4
80.92
81.3
81.87
82.81
78.52
81.41
81.93
82.96
80.93
82.5
81.86
82.34
80.88
81.49
82
82.71
79.5
81.94
81.87
82.88
81.02
81.41
82
82.68
81.01
81.04
81.96
82.97
79.62
81.85
81.86
82.66
79.57
81.76
81.95
83.08
79.52
82.64
81.96
82.67
77.89
81.66
81.87
83.16
78.71
81.98
81.77
82.75
81.74
81.67
82.05
82.86
81.01
81.22
81.46
82.61
78.54
81.58
82.05
83.3
80.11
82.45
81.82
83.08
79.52
82.64
82.1
82.6
82.28
82.5
81.96
82.38
80.31
81.23
82.01
83.17
81.11
81.32
81.82
82.44
81.55
81.66
81.77
82.52
78.45
81.58
81.95
83.11
79.12
81.67
81.69
83.17
80.59
81.32
82.2
82.24
81.11
82.41
81.85
82.88
81.69
81.76
81.91
82.26
78.51
81.67
82.14
82.38
79.96
82.44
82.2
82.42
79.26
80.95
82.04
83.11
80.35
82.94
80.11
81.62
81.86
82.61
78.97
81.8
81.72
81.82
82.99
979.42
81.05
81.36
81.9
82.75
78.84
81.76
82.1
82.73
77.98
82.41
81.87
82.42
81.01
82.5
82
82.94
81.06
82.73
81.91
81.96
82.37
79.89
80.86
81.81
82.53
82.28
82.41
81.81
82.75
80.82
81.76
82.01
83.45
80.59
81.72
81.69
82.51
82.18
82.32
81.91
83.12
81.06
81.53
81.91
83.07
80.5
81.67
82.01
83.08
78.64
81.39
81.91
82.44
81.55
81.81
81.9
82.25
81.38
81.69
82.61
78.54
81.58
81.95
83.11
79.12
81.76
82.05
82.81
79.33
81.41
82.11
82.42
81.11
82.41
81.91
83.16
80.79
82.46
81.86
82.6
79.47
82.37
82.01
82.92
80.5
82.17
82.29
82.6
79.89
81.13
82.01
83.12
79.66
82.45
81.82
82.72
78.89
82.46
82.25
82.94
79.66
81.62
81.95
82.25
79.44
81.58
81.87
82.21
79.31
81.49
81.96
83.03
80.15
81.34
81.96
82.53
79.78
81.53
82.14
83.03
78.94
82.45
81.68
82.42
79.12
81.62
82.01
82.8
79.8
81.45
81.87
83.1
78.51
81.59
81.82
82.9
81.74
81.32
81.91
83.13
79.12
81.4
81.64
82.7
79.08
81.94
82.09
82.4
80.92
81.3
82.14
82.81
79.33
81.41
81.57
81.87
82.86
80.88
81.31
81.72
82.8
81.11
81.67
81.82
82.99
81.5
81.76
81.87
82.53
78.98
81.8
81.87
82.69
82.18
82.32
82
82.67
82.23
80.9
82.05
82.69
82.32
81.32
82.05
83
80.38
81.66
81.73
82.8
81.01
81.72
81.72
82.97
81.64
81.76
82.1
82.73
77.98
82.41
81.94
82.98
79.07
81.18
82.05
82.62
81.6
81.18
81.96
82.24
79.8
81.66
82.1
82.99
79.72
81.71
82
82.98
79.84
82.32
81.99
82.57
78.3
81.49
82.01
83.09
79.24
82.42
81.58
82.89
81.5
81.05
81.87
83.07
80.97
81.66
81.91
82.62
79.33
81.85
82.1
82.81
79.72
82.41
82.01
83.02
79.87
82.18
81.81
83.2
78.21
82.32
81.5
82.33
79.84
82.41
81.82
82.49
81.06
81.53
81.82
82.44
79.96
81.76
81.92
82.45
80.44
82.59
82.1
82.66
79.96
82.54
81.54
82.48
80.01
81.9
81.87
82.71
78.89
81.54
82.05
82.24
79.84
82.53
81.91
82.94
82.23
82.55
81.83
82.76
81.01
82.35
81.89
82.34
80.69
81.8
81.73
82.51
79.61
81.09
82
83.08
80.59
82.51
81.95
83.17
80.97
81.5
81.73
82.66
79.66
81.67
82.09
82.71
79.66
81.94
81.91
82.81
80.29
81.58
82.1
82.62
79.89
81.36
81.63
83.07
82.28
80.99
82
83.17
79.87
81.76
82.01
83.45
80.59
82.32
81.67
82.62
81.5
82.44
82
83.12
79.17
82.55
82.01
82.76
81.64
82.26
82.07
82.25
89.4
78.52
82.41
81.49
82.04
83.08
78.94
81.02
81.67
82.1
82.82
81.22
82.5
81.96
82.24
81.1
82.59
81.73
82.4
79.8
82.55
86.36
82
82.35
79.44
81.58
81.91
82.62
80.58
81.76
81.92
82.56
78.7
82.44
81.93
82.24
80.52
79.32
82.31
81.83
82.29
79.87
82.35
82.2
82.51
81.06
81.4
82.1
82.42
80.92
81.4
81.77
82.24
81.69
81.62
82.07
82.58
79.03
81.44
81.77
82.79
81.6
82.46
81.59
82.69
78.66
82.55
81.64
82.86
80.5
82.17
82.2
82.96
80.97
81.31
82.1
82.33
79.93
81.67
81.95
82.51
79.57
81.8
81.74
82.62
79.84
81.45
82.01
82.8
79.97
81.62
82.04
82.48
80.15
81.68
81.82
83.07
82.27
81.66
81.91
83.16
80.05
81.53
81.78
82.94
80.74
82.45
82.09
82.99
79.48
81.23
82.29
82.6
81.11
82.41
82.23
82.29
79.44
81.76
81.91
82.71
80.49
81.67
82.01
82.74
79.33
82.26
82.02
82.51
81.06
81.4
81.92
82.51
80.06
81.64
81.96
83.12
81.55
81.31
82
82.97
81.11
82.5
81.73
82.76
81.64
81.03
82.05
83.08
80.97
81.8
82.16
82.94
77.59
81.53
81.86
82.97
80.68
81.8
81.59
82.66
80.84
81.49
81.96
82.94
78.7
82.44
81.93
82.24
80.52
81.4
81.74
82.51
82.28
81.3
81.96
82.9
79.96
81.23
82.2
82.33
81.55
81.45
82.01
82.98
79.52
81.44
82.04
82.57
79.62
81.49
81.96
83.04
80.51
81.9
82.05
82.33
81.22
81.58
82.01
82.96
80.64
81.71
81.82
83.07
80.62
81.58
82.1
82.62
79.89
80.86
81.81
82.53
81.55
81.45
81.81
83.06
80.92
81.5
82.06
82.73
78.98
81.63
81.96
82.33
81.1
82.5
82
82.4
80.94
81.54
81.79
81.35
81.78
82.58
81.01
82.64
82.07
82.7
80.15
81.71
81.73
82.6
80.15
81.58
81.97
83.17
79.96
82.51
81.86
82.9
79.71
81.26
82.15
82.6
80.92
82.41
81.82
83.3
79.08
82.46
81.78
82.71
80.59
81.67
82.28
82.9
78.01
81.62
82.04
82.62
80.92
81.81
81.99
82.43
81.01
81.14
81.92
83.27
81.64
81.81
81.68
82.62
80.46
81.85
82
82.4
81.06
82.46
82.01
82.94
80.92
82.64
82.07
83.06
79.97
81.8
81.73
82.69
80.15
81.58
82.06
83.17
79.24
82.6
81.77
82.72
81.06
81.35
81.84
82.51
82.18
82.32
81.91
83.12
81.06
82.46
81.96
83.16
79.87
81.76
81.92
83.26
79.18
81.71
81.95
82.8
80.38
81.72
83.72
81.82
82.34
84.15
80.64
81.98
82.91
82.45
80.63
82.13
82.66
78.76
82.35
82.05
81.64
82.58
79.66
81.44
81.71
81.73
82.62
81.06
81.35
81.73
82.66
79.66
81.67
81.96
82.69
79.38
81.71
81.91
82.53
80.59
81.76
82.19
82.34
80.51
81.62
81.82
82.33
82.18
80.24
82.32
81.95
82.89
79.92
81.67
82.01
83.05
78.03
82.09
81.42
81.5
81.35
81.88
82.82
79.66
81.63
81.77
83.11
78.4
81.85
81.91
82.98
79.11
79.52
81.94
81.86
82.75
80.29
81.76
82.1
83.02
81.64
