80.48
82.06
75.42
76.66
82.16
82.85
77.55
76.62
76.66
77.82
83.54
75.37
76.71
82.01
81.46
80.29
76.58
81.84
82.76
78.45
79.48
76.85
78.59
82.11
75.14
78.23
79.25
81.46
82.43
75.37
77.45
82.29
81.97
77.91
77.26
76.58
77.91
82.15
75.41
74.26
80.25
82.01
82.02
75.23
76.66
82.29
82.85
77.08
79.43
76.57
78.36
82.11
75.19
77.91
79.29
81.18
82.11
75.23
77.27
81.88
82.02
78.05
77.45
76.75
76.75
82.02
75.28
76.84
80.35
79.34
82.02
75.23
76.57
81.98
82.71
77.59
76.75
76.75
77.96
81.93
75.37
78
79.29
81.28
82.38
75.23
77.26
82.43
82.15
78.04
77.26
78.14
78.09
82.15
75.41
74.07
79.9
81.83
82.11
75.23
79.43
82.02
82.89
77.58
79.11
76.57
78.68
82.02
75.32
78.23
79.25
75.42
80.07
79.34
82.11
75.23
76.66
81.98
82.71
78
76.71
76.48
77.46
83.36
75.28
76.62
82.1
81.46
83.72
75.32
77.4
82.06
82.15
77.95
77.17
78.24
78.09
82.2
75.32
76.39
80.35
82.1
82.11
75.32
76.66
81.98
82.76
78.27
76.62
76.66
77.91
82.11
75.27
77.96
79.34
81.37
81.84
75.23
77.31
81.93
81.88
78.09
77.44
76.85
78.09
81.97
75.32
76.57
80.35
79.34
82.11
75.23
76.75
82.25
82.89
77.76
79.38
76.75
77.69
82.02
75.32
77.96
79.34
81.37
83.81
75.32
77.36
82.24
82.02
78.14
77.54
76.57
76.75
82.11
75.46
76.84
79.85
82.06
82.2
75.42
76.66
82.38
82.58
77.62
79.25
76.93
78
79.34
77.17
82.11
82.02
77.86
77.35
78.1
79
83.44
75.32
76.53
79.52
79.43
83.39
75.28
79.43
82.02
82.98
77.86
79.43
76.48
78.45
82.2
75.5
74.21
79.29
81.36
82.29
75.23
77.26
82.06
82.11
78.14
77.35
77.92
74.5
82.2
75.42
76.89
78.58
81.97
82.06
75.27
79.34
81.74
82.53
77.49
76.57
76.58
78.45
82.2
75.5
78.09
79.3
81.42
82.38
75.37
77.35
82.25
82.11
78.14
77.26
76.76
81.5
82.06
82.17
75.28
76.62
82.2
82.57
77.44
76.48
76.58
77.73
81.97
75.14
77.82
79.62
81.37
81.93
75.37
77.31
81.79
82.11
77.95
77.31
76.85
79.25
82.06
75.19
76.71
79.65
82.02
83.16
75.37
76.62
79.26
76.57
81.97
82.98
77.86
79.43
76.48
78.45
82.2
75.23
79.25
79.29
81.41
81.93
75.32
77.4
82.02
82.2
77.95
77.22
76.76
81.5
83.54
75.47
79.66
79.94
82.15
82.31
75.37
76.67
82.24
83.07
77.53
79.29
76.75
77.46
82.02
75.32
77.82
79.57
81.41
82.11
75.32
77.17
81.98
82.11
78.05
77.35
78
74.5
82.02
75.42
76.8
79.66
82.11
83.25
75.28
76.71
82.29
82.66
76.99
76.57
76.84
78.36
82.02
75.05
77.82
79.35
81.46
82.47
75.23
77.21
81.97
82.02
77.86
77.31
77.96
76.75
82.2
75.42
73.8
79.89
82.01
81.99
75.43
76.53
81.97
82.71
77.13
76.84
76.57
77.69
83.44
75.23
76.75
79.16
81.28
81.97
75.28
79.61
79.8
82.06
82.2
75.32
76.66
81.98
82.71
77.59
76.57
76.66
77.78
82.29
75.28
78.09
79.38
81.46
82.47
75.32
77.44
82.29
82.11
77.91
77.31
76.67
77.91
83.44
75.23
76.57
79.9
79.25
82.02
75.14
76.66
81.98
82.98
78.22
76.62
76.84
78
83.45
75.37
76.71
81.92
81.46
81.88
75.23
77.22
81.97
81.97
78.04
77.26
77.96
78.09
83.35
75.05
76.75
79.85
81.88
82.02
75.23
76.57
81.89
82.8
77.86
76.48
76.66
78.5
82.29
75.14
76.84
79.2
81.36
83.27
75.23
77.36
82.24
81.93
77.86
77.35
77.96
77.91
82.24
75.32
79.25
78.53
82.11
83.3
75.42
76.66
82.16
82.67
78
76.71
79.03
75.23
77.26
82.01
82.2
77.86
77.4
78.01
77
83.54
75.33
76.3
79.9
82.01
82.11
75.1
79.43
81.93
83.07
77.58
79.11
76.57
78.68
81.83
75.28
78.09
79.38
81.46
82.47
75.32
77.44
82.34
82.06
77.86
77.26
77.87
77.91
81.88
75.23
79.11
80.12
82.01
82.11
75.23
76.57
82.38
82.67
77.35
79.43
76.57
77.46
82.02
75.37
77.91
79.47
81.42
83.45
75.23
77.31
81.79
81.88
77.95
77.44
76.67
76.75
82.02
75.37
76.57
80.03
82.15
82.11
75.24
76.66
81.93
82.85
77.08
79.43
76.84
78.09
82.02
75.09
78.05
79.34
81.37
82.2
75.23
77.22
82.15
81.97
78
77.44
76.67
77.91
82.15
75.32
76.34
79.85
82.1
82.67
77.64
76.52
76.57
77.91
82.06
75.23
73.94
79.38
81.27
82.11
75.32
77.26
82.06
82.02
78.01
77.17
76.58
79.25
82.2
75.37
73.72
79.89
82.01
82.44
75.52
76.62
82.06
82.71
77.58
79.29
76.75
78.41
82.06
75.23
78.09
79.53
81.46
82.2
75.32
77.4
82.24
82.2
77.86
77.31
76.75
81.5
82.2
75.37
76.44
79.74
82.2
83.16
75.37
76.67
82.24
82.71
77.69
79.43
76.66
77.51
82.29
75.23
74.12
79.29
81.36
82.29
75.32
77.26
82.33
82.02
78.01
77.26
76.67
77
82.11
75.28
73.72
79.89
82.01
82.44
75.52
76.62
82.06
82.71
77.58
79.29
76.75
78.41
82.06
75.23
78.09
79.53
81.42
82.02
77.74
76.99
79.39
76.58
77.51
81.93
75.14
78
79.25
81.37
81.93
75.23
77.31
81.74
82.11
78.04
77.44
77.96
78.09
82.24
75.32
79.16
79.98
79.34
82.02
75.23
76.57
82.34
83.07
78.31
76.71
76.76
78.05
82.02
75.37
76.62
79.29
81.27
82.1
75.32
77.27
81.88
81.93
77.96
77.54
78.15
76.75
82.2
75.37
76.84
80.03
81.88
82.11
75.23
76.66
82.29
83.03
77.44
79.34
76.57
78.45
82.29
75.37
77.91
79.47
81.37
82.29
75.23
77.26
82.02
81.88
78.05
77.54
78.06
77.91
82.11
75.05
76.84
80.02
81.88
82.11
75.23
76.66
82.34
82.85
77.73
76.71
76.94
77.46
83.54
75.37
76.62
82.1
81.37
83.71
75.32
77.36
76.48
76.48
79.25
81.37
81.93
75.14
77.31
82.2
81.97
78
77.44
76.67
77.91
81.88
75.28
76.48
80.3
82.15
82.11
75.23
76.66
82.29
82.89
77.68
76.66
76.48
78.5
82.02
75.37
79.75
79.43
81.42
83.63
75.23
77.22
81.97
81.97
78.14
77.36
78.06
78.09
82.11
75.32
76.48
80.08
79.34
82.8
75.23
79.34
82.02
82.71
77.04
79.38
76.57
78.23
82.11
75.37
76.8
79.2
81.27
83.18
75.33
77.36
81.88
82.15
78.04
77.17
78.05
78
83.45
75.42
76.39
79.99
82.1
82.11
75.23
79.25
81.93
82.94
77.08
79.43
76.75
78.45
82.02
75.19
74.35
79.52
81.46
82.38
75.23
77.4
82.01
82.02
78.05
77.35
76.67
78.72
81.93
77.91
77.26
76.58
79.34
83.45
75.42
76.75
79.9
82.01
82.2
75.23
76.61
82.25
82.94
77.64
76.8
76.57
78.54
83.27
75.14
76.57
82.1
81.37
83.18
75.23
77.4
82.33
81.93
77.95
77.17
77.96
78.09
82.15
75.41
79.52
79.89
79.43
82.29
75.23
76.66
82.25
82.62
78.4
76.71
76.58
77.69
82.2
75.1
76.8
79.29
81.36
82.47
75.23
77.31
82.19
82.02
78.04
77.31
76.76
81.55
82.02
75.23
79.52
79.94
81.92
82.02
75.23
79.29
81.84
82.8
77.22
79.29
76.66
78.41
82.29
75.37
76.62
79.29
81.27
83.81
75.32
77.36
82.24
82.11
77.86
77.35
78.05
77.91
82.15
75.23
79.61
80.16
79.43
82.11
75.23
77.66
82.02
75.28
76.75
78
81.46
82.2
75.32
77.26
82.02
81.88
78
77.3
76.67
77.91
82.24
75.32
76.39
79.99
79.43
82.11
