82.19
79.47
79.64
78.83
81.4
79.29
79.39
78.4
81.36
78.58
79.44
78.6
81.18
79.21
79.54
79.03
80.48
78.58
79.41
79.09
80.52
79.3
79.41
78.46
81.36
79.51
79.44
78.62
81.18
81.83
80.93
79.53
79.36
78.49
79.74
79.46
79.17
78.6
81.54
78.58
79.81
79.12
80.66
78.31
79.5
78.84
80.43
79.36
79.68
78.55
81.36
79.3
79.72
79.27
79.64
79.19
79.73
78.55
80.43
78.53
79.62
79.03
80.48
79.69
78.88
80.53
79.29
79.27
79.1
79.69
78.76
79.45
78.98
88.15
78.8
79.77
78.73
80.9
78.99
79.72
78.69
80.62
79.48
79.62
79.13
80.43
79.52
79.54
78.32
81.45
79.29
79.63
78.46
79.45
79.57
79.63
78.74
80.02
79.07
79.71
78.89
81.18
79.16
79.59
78.32
79.96
78.87
79.4
78.31
79.83
78.83
79.44
78.6
80.75
79.52
79.54
78.59
79.78
79.1
79.63
78.68
80.47
79.12
79.5
78.73
84.93
80.73
79.2
79.76
78.88
87.01
79.55
78.75
80.17
79.55
82.99
79.4
78.94
80.1
79.18
79.34
80.39
79.25
79.63
78.71
80.62
78.9
79.77
78.57
80.37
79.45
79.58
78.75
80.94
78.91
79.54
78.74
80.22
78.92
79.72
78.74
79.87
79.3
79.35
78.63
80.25
79.11
79.54
78.68
80.62
79.07
79.27
78.98
80.76
78.58
79.4
79.74
79.31
80.81
79.66
79.44
78.85
79.73
78.95
79.81
78.76
80.57
79.51
79.77
78.61
80.75
79.58
78.5
81.45
78.77
79.22
78.41
79.73
79.22
79.81
79.13
81.36
79.56
79.63
78.46
79.45
80.94
79.49
79.45
79.27
79.73
79.1
79.64
78.73
80.52
79.34
79.17
78.55
81.27
79.31
79.49
78.41
79.73
78.68
79.54
79.03
80.48
79.26
79.68
79.18
80.43
78.94
79.68
78.73
81.18
79.39
79.45
79.09
79.64
79.1
79.64
78.89
79.87
79.14
79.85
78.49
79.74
79.64
79.44
78.68
79.55
79.31
79.36
79.04
80.48
79.12
79.68
78.99
80.43
78.94
79.68
78.55
81.09
79.84
79.63
78.89
81.36
79.25
79.68
78.59
80.39
79.26
79.54
78.74
80.62
79.21
79.44
79.22
80.25
79.61
79.54
78.67
80.57
79.26
79.5
79.09
80.61
79.09
78.85
81.54
79.12
79.36
78.94
80.66
79.53
79.41
79.09
79.72
79.57
79.9
78.65
84.83
79.47
79.49
78.93
79.73
79.26
79.9
78.83
80.53
79.15
79.63
78.46
80.28
79.17
79.49
78.43
80.39
78.57
79.49
78.54
80.09
79.47
79.59
78.46
80.2
78.58
79.72
79.02
80.57
79.21
79.54
78.87
80.62
79.34
79.22
78.71
81.22
78.9
79.77
79.05
79.81
79.2
79.31
78.64
79.78
79.51
79.81
78.75
81.11
78.97
79.54
78.94
81.08
79.52
79.53
78.45
81.13
79.43
79.36
78.89
80.53
79.25
79.49
79
79.78
78.85
79.41
78.55
81.36
79.3
79.58
78.45
81.23
79.38
79.44
79.13
80.43
79.46
79.53
78.69
80.43
80.55
79.02
79.54
78.59
81.36
79.43
79.5
79.18
80.47
78.72
79.31
78.82
80.43
79.35
79.87
79.03
79.87
79.23
79.67
78.95
80.39
79.76
79.53
78.85
80.66
79.52
79.53
78.85
80.48
78.94
79.59
78.84
80.61
79.45
79.41
78.82
81.54
79.3
79.63
79.09
79.82
79.28
79.64
78.95
81.22
79.56
79.21
78.49
81.18
79.22
79.58
78.6
81.54
79.12
79.36
78.94
80.66
79.53
79.41
78.74
80.34
78.91
79.68
78.76
79.73
79.25
79.53
78.74
80.66
79.39
79.41
78.99
81.4
79.38
79.39
78.76
80.57
79.31
79.35
78.85
80.48
79.52
79.62
78.23
79.78
79.37
79.63
78.68
81.27
79.7
79.5
78.31
79.64
79.16
79.35
78.8
81.09
79.63
79.61
79.72
79.08
80.66
79.21
79.54
78.42
80.8
79.52
79.72
78.8
81.23
79.17
79.5
79.23
79.54
79.56
79.44
78.64
79.87
78.88
79.36
78.75
80.09
79.47
79.68
78.46
80.29
78.67
79.63
78.75
80.25
79.04
79.63
78.8
79.92
78.72
79.63
78.92
80.44
79.33
79.67
78.64
80.38
79
79.58
79.04
80.53
78.99
79.62
78.95
79.4
78.81
79.94
79.46
81.22
79.43
79.67
78.73
79.87
79.57
79.53
78.62
81.41
79.03
79.81
79.19
79.87
79.21
79.54
78.8
81.4
79.57
79.76
78.63
81.23
79.11
79.35
79.13
79.58
79.26
79.22
79.19
81.49
79.61
79.71
78.27
81.4
79.25
79.54
78.98
79.65
79.17
79.45
78.74
80.71
79.42
80.91
79.25
79.08
79.07
81.41
78.58
79.44
78.55
80.67
79.33
79.9
78.55
80.38
78.82
79.49
79.13
79.77
79.42
79.63
78.93
80.93
78.79
79.45
79.03
81.04
78.89
79.53
78.72
81.13
79.61
79.54
78.98
79.6
79.17
79.45
78.74
80.71
79.42
79.36
78.64
81.22
79.21
79.85
78.45
81.41
79.65
79.53
79.04
80.52
79.29
79.77
78.55
80.29
79.03
79.54
78.93
79.78
79.57
79.53
78.89
81.32
79.12
79.53
78.55
80.53
79.75
79.5
78.87
80.28
78.63
79.4
78.79
80.52
79.17
79.67
78.64
80.14
79.1
79.71
78.51
80.62
79.22
79.67
78.99
80.66
79.3
79.72
78.6
81.23
78.58
79.53
78.64
80.8
79.57
79.59
78.69
80.61
79.2
78.69
80.28
79.44
79.49
78.79
80.57
78.67
79.49
78.64
80.32
79.37
79.44
78.69
80.43
79.61
79.58
78.46
79.87
79.12
79.08
79.07
81.41
78.72
79.72
78.65
80.62
79.24
79.63
78.64
80.47
78.91
79.58
79.04
80.71
79.08
79.85
78.64
80.32
78.71
79.63
78.76
79.55
78.92
79.67
78.73
79.6
78.67
79.72
78.69
80.53
79.25
79.49
78.8
81.41
78.54
79.68
79.23
79.63
79.38
79.4
78.73
79.87
78.74
79.36
78.75
80.84
78.61
79.36
78.94
79.64
78.76
79.36
78.75
80.52
78.86
79.63
78.45
80.35
79.29
79.45
79.28
79.69
79.21
79.81
78.89
81.31
79.3
79.4
78.45
81.32
79.38
79.44
79.04
1019.64
79.35
78.59
80.12
78.8
81.68
79.26
79.68
79.14
79.82
78.93
79.67
78.82
79.78
79.33
79.54
78.84
80.43
79.28
79.26
78.6
80.61
79.22
79.67
78.81
81.36
79.34
79.63
78.98
79.83
78.9
79.36
78.83
80.76
79.42
79.99
78.55
80.29
79
79.31
79.13
80.33
79.17
79.67
78.64
80.14
79.1
79.71
78.51
80.61
79.03
79.54
78.93
80.7
79.22
79.72
78.45
80.62
79.25
79.67
78.8
81.5
78.81
79.68
79.14
79.82
79.56
79.4
78.64
79.78
78.97
79.63
78.93
80.43
78.83
79.8
78.69
80.61
78.77
79.67
79.08
81.36
79.07
79.63
78.8
79.92
78.72
79.72
78.65
80.67
78.97
79.36
78.73
80.29
79.36
79.49
79.13
80.24
78.72
79.49
79.05
79.14
81.04
79.38
79.39
78.8
80.71
79.57
79.71
79.13
79.82
79.04
79.27
78.77
79.69
78.92
79.54
78.68
81.09
79.43
79.68
78.61
80.7
78.82
79.67
78.78
80.57
79.12
79.59
79.04
81.22
79.47
79.57
78.58
81.09
79.31
79.49
78.51
81.27
78.67
79.36
78.85
80.3
78.72
79.41
78.61
80.34
78.91
79.68
78.31
79.64
79.16
79.35
78.89
81.18
79.25
79.68
78.59
80.57
78.9
79.72
78.22
79.92
78.92
79.8
78.42
81.09
79.03
79.63
78.76
80.57
79.66
79.32
78.84
80.52
78.82
79.41
78.37
81.27
79.57
79.72
79
79.64
79.28
79.91
78.71
79.78
78.96
79.58
78.49
79.83
79.1
79.53
78.41
79.73
78.68
79.54
79.12
79.35
78.74
81.4
79.25
79.59
78.5
80.57
79.26
79.63
78.51
80.62
78.8
79.49
78.5
79.73
79.4
79.63
78.95
80.57
78.81
79.32
78.84
80.61
79.18
79.59
78.49
79.73
79.3
79.72
79.27
79.64
79.19
79.73
78.64
