31.4458
31.3186
31.0833
31.5731
31.2453
31.2376
31.2067
31.064
31.0794
31.361
31.1836
31.2376
31.2414
31.1874
30.9213
31.4381
31.1373
31.2568
31.1913
31.0833
31.1141
31.4844
31.253
31.4651
31.2067
30.9984
31.1373
31.3456
31.1759
31.1874
31.2491
31.3533
31.0679
31.4111
30.9637
31.1527
31.2376
31.2568
31.1604
31.1064
31.2877
31.1643
31.0331
31.3224
31.1604
31.4343
31.0987
31.28
30.983
31.253
31.2761
31.3147
31.0794
31.388
31.0331
31.4998
31.2877
31.1797
31.1681
31.2568
31.1411
31.1874
31.3494
31.3687
31.0139
31.3263
31.1373
31.3957
31.1489
31.1874
31.172
31.2877
31.2298
31.4343
31.2067
31.0139
31.1913
31.4304
31.1026
31.1064
30.9753
31.2993
31.2761
31.1373
31.0679
31.2646
31.2221
31.361
31.1566
31.2376
31.1026
31.118
31.0293
31.1951
31.2298
31.0794
31.2029
31.172
31.2916
31.1527
31.3147
31.0833
30.9946
31.2453
31.253
31.2414
31.2298
31.2723
31.2993
31.1913
31.2067
31.1373
31.415
31.2453
31.2414
31.1759
31.0871
31.1373
31.2568
31.0679
31.1373
31.3456
31.172
31.2568
31.5307
31.1566
31.118
31.1064
31.3301
31.1373
31.3378
31.2761
31.4458
31.1026
31.091
31.1334
31.1951
31.1411
31.361
31.1913
31.1951
31.1566
31.415
31.1064
31.1913
31.2954
30.9637
31.0987
31.2183
30.9946
31.4651
31.1141
31.2723
31.1373
31.3263
31.1874
31.28
31.064
30.9946
31.6695
31.172
31.2183
31.2414
30.9946
31.2183
31.3648
31.0486
31.3918
31.1566
31.3224
31.1296
31.1604
31.3108
31.1257
31.172
31.2723
31.1064
31.2993
31.118
31.1527
31.1913
31.4304
31.3648
31.1257
31.1913
31.3494
31.2607
31.1257
31.1913
31.1219
31.0293
31.3417
31.1759
31.5693
31.1026
31.2761
31.2761
31.3648
31.0794
31.2029
31.172
31.2916
31.1527
31.3147
31.0293
31.1874
31.226
31.118
31.253
31.4497
31.253
31.4651
31.2067
31.2337
31.064
31.1951
31.2067
31.1219
31.0293
31.3417
31.1759
31.2183
31.2067
30.9946
31.253
31.3263
31.0794
31.4806
31.0679
31.3224
31.1296
31.1604
31.3108
31.3263
31.1219
31.2221
31.01
31.1604
31.0833
31.0139
31.0871
31.3224
31.307
31.2646
31.3108
31.2491
31.1951
31.3957
31.1026
31.4266
31.3108
31.1681
31.0447
31.4497
31.2568
31.0794
31.2954
31.1836
31.0601
31.2298
31.2067
31.2221
31.0717
31.091
31.2954
31.0794
31.3996
31.1604
31.1219
31.0987
31.01
31.4651
31.0794
31.2723
31.2414
31.1527
31.118
31.3031
31.0486
31.2916
31.1913
31.1566
31.1373
31.2877
31.172
31.2568
31.2607
31.2954
31.0293
31.1759
31.0871
31.3224
31.2067
31.1604
31.1681
30.9753
31.415
31.0679
31.1759
31.3108
31.0794
31.2106
31.172
31.1219
31.1759
31.3224
31.0447
31.4844
31.091
31.2916
31.1141
31.1874
31.1219
31.2067
31.361
31.1759
31.2954
31.307
31.0871
31.1373
31.172
31.5191
31.0447
31.3571
31.1759
31.0679
31.1064
31.415
31.253
31.2221
31.1026
31.1566
31.2106
31.4613
31.2183
31.415
31.1951
31.28
30.9753
31.1296
31.172
31.1141
31.1527
31.1759
31.2916
31.2684
31.1566
31.0794
31.1759
31.3301
31.1874
31.2029
31.2414
31.4304
31.1489
31.145
31.3417
31.4651
31.1759
31.3456
31.28
31.1257
31.0833
31.118
31.2414
31.172
30.9406
31.118
31.1566
31.3186
31.1489
31.3301
31.1334
31.2491
31.172
31.3417
31.1411
31.1257
31.2221
31.0486
31.2954
31.0987
31.1681
31.3687
31.172
31.1219
31.0293
31.2723
31.0717
31.4613
31.1026
31.1681
31.1141
31.2916
31.253
31.3417
31.2414
31.3263
30.9907
31.091
31.0331
31.3263
31.3301
31.2568
31.01
31.4728
31.1527
31.118
31.2954
31.253
31.2376
31.334
31.1373
31.1527
31.0987
31.2723
31.1411
31.3263
31.2414
30.9637
31.172
31.3301
31.0794
31.3417
31.0679
31.4651
31.0833
31.2453
31.1681
31.2298
31.3108
31.2723
31.1759
31.2993
31.1527
31.0486
30.9483
31.2414
31.2298
31.2414
31.0293
31.5191
31.1566
31.2183
31.1913
31.2568
31.2376
31.3224
31.172
31.2954
30.9753
31.0139
31.1219
31.2376
31.3147
31.1566
31.1373
31.3031
31.172
31.2723
31.1759
31.2183
31.226
31.1489
31.1219
31.2993
31.2607
31.3417
31.1219
31.361
31.2183
31.1334
31.1373
31.2916
31.2221
31.1064
31.0987
31.2993
31.172
31.4458
31.0717
31.1257
31.2568
31.1527
31.1913
31.2723
30.9599
31.334
31.1026
31.0524
31.1334
31.2376
31.1411
31.1334
31.1373
31.0293
30.9753
31.4651
31.1141
31.2723
31.1373
31.2568
30.956
31.1951
31.172
31.4304
31.226
31.1874
31.1489
31.1759
31.1681
31.1604
31.2106
31.3263
31.1913
31.2646
31.0524
31.2607
31.1334
31.4806
31.3147
31.3957
31.1026
31.2067
31.2761
31.172
31.2568
31.5307
31.1913
31.3571
30.9907
31.2298
31.172
31.1296
31.172
31.2029
31.3494
31.334
31.1874
31.0139
31.2954
31.3764
31.1219
31.1257
31.2954
31.1951
31.1951
31.3263
30.9984
31.2067
31.2067
31.064
31.0794
31.5924
31.3764
31.0679
31.1604
30.9946
31.361
31.2414
31.0679
31.2067
31.5885
31.3147
31.2761
31.0486
31.4111
31.28
31.1874
31.172
31.172
31.1373
31.2761
31.2067
31.253
31.2607
31.253
30.956
31.1951
31.2761
31.3263
31.1566
31.01
31.2221
31.3263
31.2414
31.5153
31.2954
31.2067
31.2954
31.3803
31.2029
31.3108
31.226
31.1489
31.3301
31.2298
31.172
31.2723
31.1566
31.28
31.118
31.334
31.2106
31.118
31.0679
31.2954
31.2029
31.1681
31.1759
31.1489
31.0679
31.2993
31.1373
31.0987
31.1219
31.2067
31.334
31.4497
30.9946
31.2414
31.2414
31.01
31.1219
31.4034
31.1913
31.2376
31.1913
31.3841
31.2221
31.2298
31.2106
31.1874
31.1759
31.3301
31.1373
31.3378
31.172
31.307
31.2453
31.2298
31.2916
31.361
31.2607
31.1836
31.253
31.1874
31.1527
31.1373
31.0871
31.2453
31.2916
31.064
31.4304
31.1219
31.2954
31.0679
31.2877
31.2761
31.3764
31.0871
31.2954
31.2723
31.1064
31.0871
31.2183
31.0679
31.037
30.9059
31.4227
31.0331
31.1527
31.1141
31.4574
31.1334
31.4651
31.2106
31.4651
31.28
31.1257
31.0139
31.0139
31.172
31.2221
31.3224
31.4304
31.2414
31.0794
31.2298
31.2607
31.1026
31.0486
31.0524
31.064
31.28
31.469
31.0486
31.2723
31.1373
31.2916
30.9753
31.2954
31.1373
31.2993
31.2414
31.0871
31.28
31.1836
31.1836
31.0833
31.1373
31.3957
31.2183
31.2916
31.3301
31.0331
31.0833
31.1064
31.0139
31.199
31.226
31.253
31.2106
31.3648
31.1527
31.1141
31.2414
31.0679
31.1064
31.415
31.253
31.2221
31.1026
31.0987
31.0717
31.2877
31.1836
31.2761
31.1604
31.3957
31.1064
31.361
31.0717
31.3957
31.172
31.2067
30.9984
31.2761
31.1527
31.2838
31.1064
31.0833
31.2106
31.5384
31.1373
31.2684
31.1373
31.1836
31.3494
31.334
31.1874
31.0139
31.2954
31.1836
31.064
31.1951
31.1373
31.226
31.064
31.3417
31.2453
31.2568
31.0679
31.2029
31.1141
31.2916
31.253
31.3417
31.2414
31.3263
31.118
31.1411
31.1681
31.4651
31.1913
31.0447
30.9791
31.361
31.1373
31.2646
31.3147
31.4304
31.3648
31.1257
31.1913
31.3687
31.2298
31.0717
31.1913
31.3108
31.2376
31.3224
31.172
31.2954
30.9753
31.4651
31.1913
31.496
31.0254
31.1951
31.172
31.361
31.1219
31.2221
31.01
31.2761
31.1141
31.2568
31.172
31.2067
31.1373
31.5885
31.3147
31.2761
31.037
31.1219
31.0524
31.2414
31.1334
31.307
31.2221
31.2221
31.415
30.9406
31.1527
31.2067
31.0524
31.1219
31.2298
31.2221
31.0833
31.1373
31.2916
31.0447
31.0139
31.2067
31.1141
31.2568
31.2106
31.118
31.3726
31.0871
30.9753
30.8943
31.3456
31.0794
31.1836
31.2453
31.2877
31.172
31.0563
31.3108
31.4651
31.2106
31.3803
31.1064
31.1951
31.1527
31.0486
31.1064
31.226
31.1373
31.253
31.0331
31.2376
31.0871
31.2954
31.172
31.0139
31.1913
31.2183
31.1681
31.2298
31.2376
30.9753
31.0331
31.1026
31.2761
31.4497
31.172
31.1604
31.2414
31.226
30.9599
31.0486
31.2723
31.2993
31.2761
31.4844
31.0833
31.3147
31.28
31.1026
31.2568
31.1759
31.1566
31.2723
31.1913
31.172
31.0987
31.091
31.064
31.1141
31.2414
31.2067
31.2106
31.3108
31.3301
31.3263
31.0871
31.2723
31.1026
31.2838
31.2106
31.2376
31.334
31.0331
31.307
31.2106
31.1604
30.9791
31.2568
31.1913
31.55
31.064
31.091
31.3456
31.226
31.0293
31.4458
31.1064
31.0794
31.1373
31.0293
30.9753
31.4651
31.1141
31.2723
31.1373
31.3571
30.9907
31.2298
31.172
31.4304
31.0871
31.118
31.0794
31.2761
31.2183
31.3263
31.2414
31.2761
31.3108
31.2761
31.1411
31.1373
30.9136
31.1141
31.1219
31.3687
31.1219
31.4111
31.2954
31.2954
31.1489
31.118
31.1913
31.1411
31.0139
31.469
31.064
31.1103
31.172
31.2029
31.3494
31.334
31.1874
31.0139
31.2954
31.4998
31.1566
31.1257
31.226
31.2993
31.2646
31.4304
31.172
31.28
30.9599
31.2877
