29.7411
29.6639
29.5521
29.7835
29.5251
30.0805
29.5482
29.5829
29.6601
29.6832
29.5521
29.7835
29.5559
29.7333
29.4981
29.6716
29.4132
30.038
29.5675
29.8761
29.3322
29.9686
29.5868
29.6832
29.5212
29.6755
29.5328
29.7681
30.7169
29.4094
29.5598
29.9146
29.6793
30.011
29.6369
29.8953
29.6562
29.5984
29.4981
29.8915
29.6022
29.6099
30.0496
29.4595
29.5328
29.3515
29.9918
29.5521
29.8915
29.3978
29.8182
29.5521
29.6678
29.4518
30.0226
29.6408
29.6331
29.6678
29.9571
29.5868
29.4788
29.5714
29.8915
29.5328
29.6215
29.5212
30.038
29.6215
30.0612
29.5405
29.9532
29.5521
29.8491
29.3708
29.7179
29.5174
29.4981
29.4711
29.8992
29.5714
29.8876
29.3939
29.8722
29.6986
29.5366
29.5212
30.038
29.5521
29.9956
29.4904
29.8876
29.5675
29.8915
29.6871
30.0149
29.5328
29.9802
29.2782
29.8529
29.6022
29.9879
29.4402
29.9262
29.5328
29.5636
29.4402
29.9571
29.6022
29.8568
29.6331
29.8298
29.5521
29.8375
29.3785
29.9262
29.4788
30.0766
29.2821
29.5559
29.6022
29.9609
29.5829
29.8413
29.5868
29.7372
29.2975
29.9416
29.5636
29.5328
29.5251
29.7835
29.5984
30.011
29.4402
29.9301
29.6331
29.6215
29.5752
29.8298
29.7951
29.6215
29.8221
29.5559
30.038
29.6215
29.8259
29.2975
29.6678
29.5714
29.5096
29.3669
29.9648
29.4094
29.6986
29.6562
29.9995
29.6793
29.7681
29.6369
29.9648
29.5868
29.7372
29.6369
29.6832
29.4981
29.5714
29.3631
30.038
29.6215
29.8182
29.4904
29.6909
29.5174
29.6176
29.5058
30.0573
29.5328
29.7488
29.3515
30.0458
29.5829
29.5829
29.5212
29.9223
29.5328
29.6909
29.6524
29.9069
29.6061
30.0226
29.3477
29.7411
29.4634
29.9802
29.5058
30.0728
29.5521
29.6138
29.3129
30.0033
29.4942
29.6408
29.5212
29.9918
29.6254
29.5521
29.5714
30.1306
29.6176
29.5482
29.7295
29.9609
29.5521
30.0265
29.2782
29.8375
29.4981
29.4981
29.5174
29.9686
29.5675
29.8066
29.6099
29.8375
29.4826
29.9532
29.5019
29.6793
29.5675
29.5714
29.5212
29.9416
29.4788
30.0072
29.4055
29.8645
29.6022
29.6022
29.5945
30.0496
29.5444
29.9763
29.6138
30.0342
29.6562
29.6215
29.4711
29.8221
29.6639
29.6061
29.4865
29.8992
29.6909
29.8568
29.4904
29.9648
29.5675
29.5868
29.4518
29.8645
29.5521
30.0612
29.2975
30.011
29.6061
29.7488
29.2975
30.1615
29.5289
29.7025
29.6138
30.1268
29.5675
29.5482
29.3322
30.038
29.6254
30.0612
29.4286
29.7333
29.6948
29.6755
29.5559
30.0033
29.6215
29.9956
29.3862
29.8876
29.6176
29.9262
29.3746
29.8066
29.5521
29.7719
29.5405
30.0535
29.6022
30.0226
29.4055
30.0303
29.5868
29.5328
29.4016
29.9262
29.5366
29.5521
29.4016
29.9725
29.5019
29.9532
29.3477
29.9262
29.6215
29.6485
29.4479
29.8992
29.5328
29.7063
29.2589
29.9686
29.4826
30.0612
29.5058
29.9185
29.5829
29.6485
29.4865
30.0496
29.5096
30.1152
29.6485
30.0303
29.8028
29.3168
29.9223
29.5521
29.7835
29.5559
29.7333
29.4981
29.6716
29.4132
30.146
29.4634
29.6408
29.4672
29.9416
29.5675
29.9185
29.3284
29.9223
29.4981
29.6871
29.3669
29.9802
29.6061
29.5791
29.6099
29.9686
29.5521
29.9416
29.2975
30.038
29.4981
29.7912
29.5058
30.038
29.6793
30.0226
29.2435
30.092
29.4788
29.6871
29.6022
29.8645
29.5521
29.7526
29.4865
30.092
29.6022
29.7681
29.5752
29.6678
29.5366
30.0419
29.5791
29.9918
29.6215
29.8028
29.6099
30.038
29.6099
29.9069
29.6369
29.8606
29.5174
29.5984
29.6022
30.0303
29.4788
30.0612
29.3322
29.8915
29.6061
29.5482
29.4132
29.5598
29.5289
29.4672
29.5906
29.8529
29.5559
29.5174
29.4325
29.7912
29.5675
29.9879
29.6099
29.8876
29.6022
29.6562
29.3399
29.8722
29.5328
29.6716
29.4479
29.7603
29.5328
29.6793
29.9069
29.5752
29.9802
29.4981
29.6176
29.6716
30.0728
29.6215
29.9223
29.4904
29.9416
29.5019
30.0959
29.4479
29.9146
29.5366
30.1113
29.3361
29.9956
29.6369
30.0573
29.2975
29.8876
29.5328
29.6562
29.4441
29.8375
29.4981
29.4981
29.5174
29.9686
29.5675
29.8066
29.6099
29.6099
29.5675
29.8491
29.2589
29.9223
29.5675
29.5019
29.3824
29.5945
29.4788
30.0766
29.5096
29.6099
29.5521
29.8028
29.5752
29.7873
29.5521
30.1306
29.6254
29.8375
29.4981
29.4981
29.5174
30.0959
29.5135
30.0959
29.4016
29.6832
29.6408
29.5135
29.5174
29.9918
29.5868
29.8028
29.3669
29.8761
29.5714
29.9918
29.3168
29.7835
29.6215
29.8722
29.5405
30.038
29.6716
29.8259
29.5405
30.1075
29.6755
29.8722
29.5752
29.8221
29.5521
29.9571
29.3669
30.0766
29.6408
29.6832
29.5906
30.1615
29.4634
29.4248
29.5675
29.6215
30.038
29.6601
30.0265
29.6369
29.7681
29.6639
29.6061
29.6524
29.5752
29.4826
29.5135
29.6755
29.9956
29.5135
29.5868
29.6331
29.7025
29.5521
29.7719
29.3322
30.011
29.4595
29.6022
29.5058
30.0573
29.5636
29.8066
29.5444
29.9571
29.6369
29.8221
29.4788
30.038
29.5366
29.6678
29.6331
29.5752
29.4826
29.5135
29.5405
29.9609
29.6176
29.5868
29.5212
29.9339
29.5868
30.0265
29.6022
30.038
29.5135
29.8876
29.5752
29.9879
29.3901
29.7025
29.5791
29.9571
29.6022
29.8221
29.6331
29.8645
29.5714
29.7372
29.5559
29.8915
29.5135
29.6485
29.6215
30.0728
29.4634
29.7758
29.5559
29.8645
29.5868
30.0265
29.4016
30.092
29.5482
29.7526
29.5058
30.0573
29.5636
29.8066
29.5444
29.9571
29.6369
29.8221
29.4788
30.038
29.5366
29.6678
29.6331
29.5752
30.8364
29.9416
29.6524
29.6485
29.5559
30.0033
29.6369
29.9609
29.4325
29.8876
29.4788
29.6678
29.5559
29.8838
29.6601
29.9069
29.3438
29.7873
29.4942
29.9725
29.4556
29.9725
29.6061
30.0265
29.2744
29.7796
29.5868
29.5714
29.5482
30.0033
29.5135
29.7488
29.5058
30.0226
29.5675
30.0458
29.3361
29.8606
29.5521
29.6215
29.3669
29.8336
29.6601
29.5366
29.3477
29.7951
29.6562
29.9262
29.6292
30.0959
29.5482
29.8221
29.4441
29.7372
29.6562
29.7719
29.5405
29.9763
29.4634
29.6485
29.5212
30.038
29.5675
29.8915
29.3978
29.8182
29.4441
29.6678
29.4518
30.0226
29.6254
29.9069
29.3091
29.7179
29.5289
29.9725
29.3515
30.0072
29.5366
29.9223
29.3091
29.8143
29.5521
29.6408
29.6524
30.038
29.5482
29.7835
29.5058
30.0573
29.5675
30.0458
29.6138
29.8259
29.5174
29.6562
29.8953
29.5328
29.7218
29.3901
29.9223
29.5521
29.5135
29.4672
29.7873
29.5829
30.0419
29.2744
30.092
29.5521
29.4672
29.5482
29.7951
29.5482
30.0573
29.5791
29.7179
29.5521
29.5328
29.5405
29.9339
29.6254
29.7025
29.2782
29.9532
29.5906
30.011
29.4132
29.8915
29.5135
30.0573
29.4556
29.6601
29.6061
29.9918
29.4479
30.0573
29.6215
30.0265
29.5752
29.9532
29.5135
29.7526
29.5212
29.8298
29.5328
29.7179
29.4402
29.9571
29.6022
29.8568
29.6331
29.8298
29.6061
29.5675
29.5559
30.0033
29.6215
29.9956
29.3862
29.7835
29.4634
30.0496
29.3746
29.8066
29.5521
29.7719
29.5405
29.7333
29.5289
29.6986
29.3477
30.1075
29.6022
29.8568
29.2937
29.9918
29.5868
30.0419
29.4634
29.9069
29.5945
29.6061
29.4865
29.8298
29.5521
29.8915
29.6292
30.1653
29.5675
29.9262
29.5482
29.8066
29.5482
29.7179
29.3746
30.038
29.4981
29.6716
29.5366
29.6292
29.5328
29.9031
29.5058
29.9185
29.4788
29.7179
29.5212
29.8645
29.4634
29.5868
29.5752
29.8992
29.5212
30.0612
29.4634
29.9069
29.5945
29.8876
29.3091
29.7179
29.5482
30.0072
29.4209
29.9031
29.6755
29.8915
29.6524
29.7025
29.5521
29.7719
29.3322
30.011
29.4595
29.7835
29.5752
30.0226
29.5289
29.7025
29.3708
29.8529
29.5675
30.0419
29.6716
30.011
29.7333
29.6408
29.5212
29.8298
29.5174
29.8568
29.5251
30.1306
29.5675
29.8915
29.6524
29.7025
29.6562
29.9262
29.3129
29.8182
29.5328
29.9185
29.5096
29.9956
29.6562
29.7719
29.5791
29.9571
29.6022
29.8221
29.6331
29.8645
29.5714
29.5328
29.5559
29.9339
29.5868
29.7526
29.6292
29.8876
29.4634
29.8606
29.5019
29.7681
29.5328
29.8761
29.3477
29.9571
29.5328
29.6446
29.5675
29.5366
29.8221
29.5521
29.9571
29.3669
29.8568
29.4981
30.0573
29.3284
29.8529
29.5328
29.6408
29.3129
30.0959
29.5714
29.8876
29.4556
30.011
29.5482
29.5135
29.6948
29.7873
29.4981
29.5868
29.4094
30.011
29.5019
30.0226
29.4865
29.9185
29.6215
29.6061
29.3631
29.8722
29.4634
29.9532
29.5019
29.6793
29.5675
29.5482
29.6099
29.7719
29.6061
29.7179
29.4711
29.7256
29.6562
29.9069
29.2975
30.038
29.5675
29.7565
29.2628
30.038
29.7141
30.0226
29.5559
29.8838
29.5135
29.6524
29.5328
29.8992
29.5174
29.7873
29.4171
29.9532
29.5328
29.8722
29.3669
30.0496
29.6408
29.9725
29.5791
29.8182
29.6215
29.9069
29.4711
29.8645
29.6099
29.8722
29.4634
30.1036
29.5521
29.7372
29.5675
31.7583
30.0419
