32.3059
31.6117
31.739
31.6773
31.6927
31.4613
31.7043
31.5538
31.6387
31.5538
31.847
31.4844
31.6888
31.6271
31.7428
31.496
31.6734
31.5037
31.739
31.3996
31.7235
31.6464
31.82
31.5384
31.7081
31.55
31.7081
31.658
31.8431
32.0552
31.6734
31.6233
31.6734
31.6464
31.685
31.442
31.7428
31.6078
31.8161
31.5307
31.6888
31.4227
31.7428
31.5307
31.7428
31.6695
31.6387
31.6078
31.7814
31.4266
31.5654
31.6078
31.6927
31.5191
31.7274
31.523
31.6927
31.6811
31.6194
31.5268
31.7505
31.6618
31.7428
31.4844
31.7081
31.631
31.7621
31.6657
31.793
31.6657
31.7775
31.4266
31.7081
31.5037
31.7583
31.5076
31.6194
31.4844
31.6387
31.4381
31.5461
31.5808
31.7428
31.685
31.6541
31.4266
31.6695
31.4806
31.793
31.3918
31.7235
31.3726
31.6734
31.496
31.6734
31.5345
31.7313
31.5847
31.6695
31.6811
31.6348
31.55
31.7583
31.3957
31.7235
31.604
31.6001
31.5037
31.658
31.4844
31.7621
31.6271
31.6927
31.3918
31.7043
31.5847
31.6888
31.4458
31.6541
31.5114
31.6734
31.658
31.7235
31.4497
31.7235
31.3571
31.7428
31.469
31.7583
31.5345
31.7043
31.496
31.8354
31.6117
31.7235
31.6348
31.6155
31.739
31.6001
31.6657
31.6927
31.5268
31.6888
31.5615
31.7081
31.3764
31.6734
31.7043
31.7081
31.6773
31.712
31.3957
31.6348
31.5924
31.6927
31.5538
31.658
31.5577
31.901
31.4613
31.8894
31.496
31.6194
31.496
31.55
31.55
31.7235
31.4844
31.6888
31.5963
31.7775
31.577
31.793
31.4073
31.7081
31.6078
31.7235
31.7505
31.6541
31.4497
31.7428
31.6464
31.685
31.631
31.7428
31.523
31.658
31.5654
31.7853
31.3726
31.6541
31.5654
31.6888
31.5114
31.6734
31.3571
31.7081
31.604
31.7313
31.604
31.6695
31.5384
31.6888
31.5693
31.6695
31.5654
31.7313
31.5076
31.6888
31.4613
31.6541
31.5114
31.6734
31.5885
31.6194
31.5384
31.6773
31.5963
31.6541
31.7505
31.685
31.5615
31.6348
31.4921
31.7968
31.5307
31.6888
31.3918
31.6734
31.5037
31.6888
31.5345
31.631
31.7853
31.6271
31.7235
31.577
31.6155
31.6657
31.6695
31.7698
31.6734
31.5345
31.5963
31.6117
31.6541
31.4073
31.7775
31.5731
31.847
31.3571
31.7313
31.5423
31.6888
31.3186
31.6773
31.4767
31.8123
31.5577
31.7274
31.4266
31.7505
31.442
31.6888
31.4613
31.6194
31.6927
31.7775
31.523
31.6387
31.685
31.6734
31.7158
32.3329
31.7775
31.4304
31.6001
31.5307
31.6734
31.631
31.5885
31.442
31.6348
31.5153
31.7775
31.5037
31.6425
31.739
31.7274
31.7158
31.7428
31.6001
31.7775
31.5345
31.8277
31.5345
31.6888
31.4613
31.6773
31.6773
31.6271
31.6387
31.6927
31.7775
31.4458
31.6541
31.577
31.793
31.6233
31.6734
31.6117
31.7544
31.5615
31.6541
31.6503
31.7235
31.5307
31.739
31.3764
31.6888
31.5847
31.5847
31.4111
31.7235
31.4844
31.7235
31.5885
31.5153
31.6001
31.7428
31.5307
31.7428
31.6695
31.6387
31.6078
31.7814
31.5693
31.6734
31.6117
31.6503
31.6657
31.7081
31.685
31.8277
31.4613
31.6888
31.5615
31.8894
31.523
31.6387
31.4844
31.6734
31.6271
31.658
31.5963
31.6541
31.5268
31.7081
31.4613
31.7081
31.6001
31.6734
31.7814
31.6425
31.4651
31.6348
31.4613
31.6541
31.5114
31.7583
31.4651
31.7274
31.5423
31.6541
31.7351
31.6464
31.523
31.7621
31.631
31.6001
31.6657
31.6927
31.5268
31.6888
31.5615
31.7043
31.577
31.6001
31.5153
31.5847
31.4651
31.5153
31.5461
31.739
31.4227
31.8161
31.3726
31.793
31.4998
31.6233
31.5076
31.7467
31.415
31.7081
31.5924
31.6387
31.7197
31.7428
31.6464
31.7467
31.4266
31.6387
31.7043
31.6734
31.5384
31.6773
31.3957
31.6888
31.4227
31.712
31.3378
31.6194
31.5345
31.7968
31.5076
31.82
31.3378
31.6888
31.5654
31.6888
31.5847
31.6541
31.4844
31.658
31.7004
31.55
31.7351
31.7081
31.496
31.7428
31.5654
31.6541
31.6117
31.6888
31.5885
31.7428
31.577
31.5808
31.5268
31.7621
31.3841
31.7621
31.3571
31.7158
31.4767
31.6194
31.496
31.6541
31.5114
31.6734
31.5654
31.7775
31.4304
31.8701
31.4998
31.6888
31.4073
31.7428
31.4343
31.8624
31.6117
31.6541
31.4844
31.7197
31.6773
31.6233
31.4497
31.6927
31.523
31.7274
31.5307
31.7814
31.577
31.6888
31.7158
31.7197
31.5268
31.7737
31.6657
31.6734
31.5693
31.8007
31.5693
31.7737
31.577
31.7737
31.4806
31.8277
31.5615
31.6233
31.7968
31.7313
31.6695
31.4111
31.8123
31.469
31.6695
31.5384
31.7235
31.577
31.7505
31.3996
31.5693
31.631
31.6734
31.4574
31.685
31.5577
31.7197
31.5847
31.7235
31.3918
31.7043
31.5538
31.7428
31.5076
31.6155
31.685
31.685
31.5423
31.6695
31.3764
31.6734
31.4651
31.6734
31.4073
31.6233
31.55
31.793
31.4227
31.7891
31.5963
31.8123
31.5963
31.6155
31.6618
31.5808
31.4458
31.6888
31.4073
31.6348
31.55
31.6387
31.3918
31.7814
31.415
31.7968
31.523
31.6695
31.3764
31.6734
31.5461
31.6927
31.7505
31.8894
31.5963
31.5693
31.5076
31.5808
31.4266
31.6695
31.5307
31.7775
31.4111
31.7235
31.6618
31.6888
31.5307
31.6001
31.5191
31.6734
31.6117
31.6503
31.5808
31.7197
31.5423
31.7043
31.4806
31.7081
31.361
31.7428
31.4767
31.7274
31.5963
31.7428
38.9129
31.5654
31.4574
31.6387
31.3957
31.7814
31.4266
31.577
31.6271
31.5924
31.415
31.6657
31.4844
31.6271
32.9848
31.7158
31.6155
31.5654
31.4458
31.6387
31.496
32.9963
31.4266
31.7081
31.5538
31.685
31.658
31.3918
31.658
31.658
31.7235
33.3743
31.9048
31.8238
31.5731
31.6734
31.685
31.7081
31.6387
31.7081
31.5538
31.7235
31.523
31.7775
31.4613
31.7775
31.4651
31.6387
31.5461
31.7274
31.5114
31.6155
31.6657
31.7428
31.7004
31.5808
31.6965
31.685
31.4458
31.6541
31.5808
31.6001
31.5654
31.7968
31.5307
31.712
31.4497
31.5885
31.8007
31.6348
31.6078
31.6541
31.685
31.7621
31.7505
31.7853
31.5615
31.5345
31.3918
31.6734
31.5191
31.6541
31.5924
31.6541
31.7351
31.7814
31.5153
31.7968
31.6348
31.7043
31.6233
31.6387
31.577
31.7197
31.7043
31.7968
31.5345
31.7235
31.5808
31.6387
31.3841
31.6001
31.6117
31.7853
31.5615
31.7081
31.7158
31.6503
31.4613
31.6734
31.5924
31.7235
31.5268
31.7814
31.4806
31.6927
31.5654
31.6695
31.5538
31.7235
31.5693
31.7081
31.5538
31.6541
31.4536
31.5345
31.6155
31.6387
31.523
31.7043
31.7467
31.6888
31.6811
31.7505
31.5037
31.7775
31.4767
31.7043
31.4613
31.6734
31.5847
31.7235
31.7158
31.658
31.7544
31.6888
31.7043
31.7505
31.739
31.4767
31.7621
31.3996
31.6194
31.5461
31.7621
31.5076
31.7853
31.6657
31.7428
31.5423
31.6503
31.496
31.6734
31.5191
31.5654
31.5307
31.739
31.4111
31.6541
31.442
31.7043
31.5153
31.7081
31.5731
31.712
31.6695
31.7621
31.3957
31.6194
31.685
31.6734
31.4536
31.7081
31.5461
31.8662
31.4806
31.6541
31.4227
31.5461
31.7351
31.6734
31.4613
31.8123
31.4111
31.6194
31.6618
31.6541
31.469
31.5461
31.6233
31.8123
31.6811
31.685
31.6503
31.6503
31.5114
31.6927
31.3996
31.7235
31.6503
31.7968
31.5076
31.6811
31.7004
31.7775
31.6117
31.7197
31.3571
31.7428
31.5538
31.6695
31.5654
31.6695
31.3417
31.6888
31.442
31.6695
31.4806
31.7081
31.3996
31.7428
31.5885
31.6888
31.6271
31.6734
31.4266
31.7081
31.4304
31.6348
31.5384
31.6194
31.6811
31.8547
31.928
31.7544
31.5114
31.7274
31.5924
31.7274
31.3918
31.7853
31.5114
31.6194
31.5654
31.7235
31.5114
31.7775
31.5307
31.7081
31.5693
31.6965
31.604
31.7968
31.5037
31.6541
31.5345
31.6695
31.5654
31.8354
33.1506
31.5693
31.4651
31.6888
31.604
31.6541
31.496
31.6734
31.4266
31.7158
31.4111
31.766
31.361
31.6695
31.7505
31.7043
31.4111
31.7583
31.5345
31.6194
31.6503
31.7313
31.496
31.6541
31.442
31.7235
31.4651
31.6927
31.7505
31.6541
31.4921
31.82
31.6618
31.5808
31.5615
31.739
31.5615
31.658
31.7004
31.55
31.7351
31.6734
31.6425
31.7235
31.4998
31.7043
31.5307
31.766
31.6811
31.712
31.5654
31.6194
31.5808
31.6734
31.5538
31.8624
31.5384
31.6695
31.4458
31.8277
31.4111
31.6541
31.3378
31.7775
31.5307
31.7081
31.6155
31.7313
31.5808
31.7968
31.7351
31.658
31.7544
31.7043
31.5153
31.7081
31.5731
31.6425
31.7737
31.7621
31.604
31.6734
31.6194
31.7428
31.5345
31.7081
31.442
31.6927
31.3764
31.6387
31.7505
31.6503
31.5654
31.6734
31.5191
31.6348
31.3918
31.8007
31.4806
31.6927
31.5654
31.6695
31.5885
31.7775
31.6117
31.8354
31.5538
31.7968
31.5577
31.8084
31.55
31.6734
31.5345
31.55
31.5345
31.7235
31.5654
31.7775
31.3918
31.6734
31.5191
31.7081
31.5268
31.7197
31.4188
31.6503
31.5847
31.6194
31.442
31.6695
31.4844
31.6387
31.5076
31.5461
31.6503
31.6503
