29.3168
28.4297
28.3911
28.3217
28.2986
27.9283
28.3796
28.287
28.1828
28.287
28.2908
27.9476
28.2754
28.287
28.2407
28.3526
28.2716
28.1751
28.4143
28.4143
28.1481
28.2831
28.1828
28.2098
28.4066
28.3256
28.3101
28.341
28.2677
28.2561
28.2137
29.6099
27.9283
27.7663
28.2908
27.936
28.1944
27.909
28.1713
27.7663
27.9861
27.99
28.1906
27.8049
28.314
27.9129
28.1674
28.0556
27.9514
27.9206
27.9244
27.9591
27.9321
27.7354
28.1211
27.8241
28.0517
28.1173
27.8589
27.963
28.1173
27.8859
27.882
27.8126
27.882
27.9514
28.2291
27.9051
27.9784
27.8396
27.8627
27.8511
27.882
27.9707
27.882
27.855
28.179
28.0479
28.0517
28.0826
28.1674
27.9591
27.8781
27.9244
27.9861
27.7779
28.0826
27.7663
28.1443
27.8897
28.0324
27.9784
28.1019
27.8743
27.9823
27.8704
28.0479
27.8319
28.2986
27.9437
28.2407
27.9977
28.1713
27.7663
28.0479
27.99
27.9977
27.9939
28.0363
27.8396
28.0517
27.855
27.9129
27.9437
27.8589
27.7547
28.2561
27.9553
28.0209
27.7432
28.125
27.8126
28.1597
27.7663
27.8396
27.8049
27.828
27.8319
28.0787
27.8049
28.0941
28.0479
27.8396
27.9206
27.9283
27.9591
28.0633
27.855
28.017
27.9283
27.936
28.3333
27.9707
28.206
27.8164
28.0941
27.8666
28.2793
27.9514
28.2947
27.7084
27.8781
27.8203
28.2214
27.8396
28.0903
27.801
28.0479
28.0131
27.8897
28.0131
27.9823
28.0324
28.1867
27.909
27.936
27.8666
28.1944
27.7817
27.9977
27.8357
28.1674
27.8164
28.0594
27.9707
28.1211
27.8473
28.0517
27.8473
27.9244
27.9977
27.9051
27.8743
27.9707
27.9283
28.26
27.7972
28.0633
27.8357
28.314
27.9051
28.0286
27.9939
28.1751
27.8743
27.828
27.963
28.0594
27.8319
28.206
27.9283
27.9669
27.9244
28.1674
28.098
28.0903
27.8357
28.0363
28.044
27.9476
27.7779
27.9321
28.098
27.8974
27.9784
28.0093
27.7354
28.0517
27.8589
28.0131
27.9437
28.0749
27.7277
28.1443
27.963
28.0594
27.9013
27.8396
27.8859
28.0671
27.9591
28.5223
27.909
28.0864
28.0131
27.8627
27.9823
27.9746
27.9283
28.0556
27.8473
28.0556
27.9823
28.206
28.0247
27.9977
27.8357
28.233
28.0363
28.1944
28.098
27.8897
27.9051
28.017
27.8704
28.1674
27.9707
28.0556
27.9591
28.0054
28.1366
28.0864
27.9013
27.9939
28.0131
28.0517
28.0671
28.1173
27.9437
28.0749
27.7972
27.8627
27.8589
28.1636
27.8319
27.8396
27.8164
28.2754
27.9591
27.9823
27.9399
27.9129
27.8704
27.9476
27.8704
27.8781
27.8473
28.0671
28.0054
28.1597
27.7509
27.8897
27.7817
27.8936
27.9321
27.8936
28.0131
28.0363
27.8396
27.9861
27.6429
27.8589
28.1751
28.179
27.7817
28.0594
27.7624
28.1751
27.8126
28.017
27.9861
28.1751
28.0324
28.1481
27.9437
28.206
27.8319
27.9514
27.8897
28.0556
28.017
28.2176
27.8936
28.0093
28.0556
27.9206
28.0324
27.963
28.0131
27.9784
28.0401
27.7972
27.855
27.7702
28.0479
27.909
28.2214
27.9283
28.0016
27.9591
28.098
27.9939
27.882
27.7856
28.017
27.9051
27.9476
27.8126
27.9321
27.9244
28.1057
27.8396
28.0016
27.9129
28.1481
27.963
28.0324
27.9784
27.828
27.8897
28.1366
27.6776
27.963
27.9746
28.1327
27.8859
27.9553
27.9013
28.1751
27.882
28.1211
27.7779
28.2021
27.9977
28.1481
28.0131
28.1019
27.7277
27.8473
27.7856
27.9591
27.9206
28.1713
27.9283
28.152
27.9784
27.9013
27.7972
27.9244
27.7702
28.2561
27.8396
28.1867
27.9283
27.8627
27.8897
27.9939
28.0286
27.8473
27.8319
28.0286
27.8936
28.0787
27.9784
28.1019
27.7277
27.8473
27.9051
27.855
27.99
27.9283
28.071
28.1828
27.8203
28.2098
27.8203
28.3757
27.8666
28.26
27.7702
28.1404
27.9129
28.1674
27.8511
28.1558
27.9167
28.0903
27.8743
27.7702
27.8357
28.0749
27.9977
28.0826
28.0479
28.0247
27.9244
27.9476
27.9321
27.9167
27.8319
28.1944
27.9437
28.0324
27.9977
28.1019
27.909
28.071
27.9283
27.9129
28.0864
28.0479
27.9206
28.2176
27.9784
28.0671
27.8589
28.0131
27.8357
27.9013
27.8897
27.8936
28.0479
28.0671
27.801
27.9129
27.8627
28.2561
28.098
28.3063
28.0941
28.476
28.0787
28.2368
28.0594
28.4413
28.098
28.341
28.0594
28.4413
27.9939
28.341
27.9707
28.3487
27.909
28.4104
27.936
28.3834
28.0556
28.3063
28.1288
28.476
28.098
28.2368
28.0941
28.4413
28.0594
28.2368
28.0941
28.476
28.2484
28.3796
28.0479
28.4644
28.2484
28.2754
28.1867
28.5685
28.2137
28.3448
28.1173
28.4991
28.1443
28.0633
28.4143
27.8589
28.4374
28.1327
28.287
28.233
28.4528
28.2368
28.3217
28.2677
28.314
28.0286
28.3796
28.0324
28.314
27.9591
28.287
28.3024
28.4181
27.9591
28.5531
27.8936
28.2446
28.1134
28.5531
27.8936
28.4374
28.2021
28.3217
28.2677
28.4181
28.2368
28.1481
28.2677
28.3487
28.0286
28.5184
27.963
28.4181
27.9399
28.5531
27.8936
28.4027
28.098
28.2176
28.233
28.4181
28.2021
28.3217
28.2677
28.314
27.9939
28.4837
27.9977
28.3487
28.0093
28.5184
27.963
28.3333
28.098
28.3217
28.233
28.3487
28.098
28.2176
28.233
28.4528
28.3063
28.5531
27.9283
28.4181
27.9746
28.4837
27.9977
28.4027
27.9939
28.2523
28.2677
28.2793
28.098
28.3217
28.233
28.3834
28.1674
28.4837
27.9977
28.314
28.287
28.5531
27.9283
28.4027
28.0286
28.3217
28.3024
28.3834
28.1443
28.5338
28.071
28.3101
28.2638
28.4181
28.2407
28.4143
28.4027
28.2446
28.3101
28.3988
27.8859
28.5338
28.0016
28.2986
28.2137
28.422
27.9746
28.2176
28.0093
28.5145
28.1713
28.3294
28.0941
28.5685
27.9669
28.3448
28.3333
28.3487
28.3448
28.2677
27.9051
28.3757
28.206
28.4914
28.3873
28.422
27.8704
28.2368
28.125
28.3834
28.3448
28.3294
28.0594
28.5338
28.0363
28.4374
28.2831
28.4567
27.801
28.3564
28.044
28.3757
28.1019
28.287
28.1134
28.4798
28.0324
28.422
28.1443
28.4567
27.9746
28.3063
28.1944
28.3487
28.2754
28.4683
28.2677
28.4991
27.9669
28.368
28.1096
28.4914
27.9399
28.2176
28.044
28.4104
28.1713
28.3294
27.9206
28.4644
27.9669
28.3796
28.1944
28.3487
28.3101
28.233
28.2523
28.584
28.1713
28.422
28.0749
28.4567
27.9399
28.2716
28.2638
28.4181
28.3333
28.4567
28.0131
28.3603
28.1443
28.4567
27.9437
28.2561
28.0401
28.4104
27.9784
28.3603
28.0401
28.4567
27.9437
28.3256
28.0401
28.5145
27.9437
28.2561
28.0401
28.2831
27.909
28.3603
27.9707
28.5145
27.9437
28.3256
28.0401
28.3873
28.0131
28.4297
27.9707
28.341
27.909
28.3603
27.9707
28.3988
28.3333
28.3487
28.0363
28.4413
28.368
28.2793
27.8627
28.26
28.4027
28.4875
28.1404
28.476
28.3333
28.3487
28.0363
28.3988
28.4027
28.4528
27.9669
28.2677
28.4027
28.4875
28.1404
28.4335
28.4374
28.3487
27.9321
28.4066
28.4027
28.4528
27.9669
28.3988
28.4027
28.3834
27.9669
28.5107
28.4374
28.3487
27.9321
28.2253
28.4027
28.3834
27.9321
28.476
28.4027
28.3834
27.9669
28.3641
28.4374
28.4528
27.8974
28.3024
28.4027
28.3834
27.9321
28.3294
28.4027
28.4875
27.9321
28.5107
28.3641
28.1983
28.2291
28.4953
28.3448
28.341
28.0247
28.4953
28.3101
28.341
28.1288
28.4991
28.1366
28.1983
28.2986
28.5685
28.1366
28.3024
28.3333
28.4027
28.0363
28.314
27.9437
28.2638
27.9321
28.314
28.0826
28.4181
27.9051
28.4914
28.0749
28.26
27.801
28.3873
28.0749
28.53
28.3101
28.3757
28.1636
28.4953
28.3448
28.3063
28.1636
28.4991
28.0671
28.1983
28.0903
28.6033
28.1713
28.233
28.1597
28.2986
27.9669
28.314
28.1173
28.4721
28.0016
28.3487
28.2214
28.3834
27.8704
28.3526
28.1443
28.2947
27.9399
28.4914
28.179
28.5647
28.3448
28.2368
27.9553
28.3911
28.3448
28.3063
27.99
28.6033
28.1366
28.2677
28.2638
28.5338
28.1713
28.233
28.2986
28.4374
27.9669
28.4875
28.2561
28.4374
28.071
28.4181
28.2214
28.2446
27.8357
28.3873
27.9707
28.3294
27.9051
28.3873
28.2137
28.4027
27.9823
28.3101
28.0401
28.4335
28.2137
28.3101
28.0401
28.3487
28.0826
28.4953
27.8897
28.3834
28.152
28.4953
27.9244
28.3333
28.0826
28.3911
27.9591
28.3487
28.2561
28.4605
27.8897
28.4027
28.1173
28.3217
27.7856
28.3834
28.3256
28.4953
27.9244
28.4374
28.152
28.4605
27.8897
28.4528
28.1173
28.3911
27.9591
28.2446
28.0363
28.4143
28.0749
28.4683
28.179
28.3101
28.0401
28.3487
28.1443
28.3448
28.0749
28.3641
28.179
28.2407
28.0401
28.2793
28.1327
28.314
28.1751
28.3796
28.2176
28.2446
28.2098
28.3796
28.0787
28.314
28.2098
28.3796
28.0093
28.4181
28.1404
28.2947
27.936
28.449
28.4335
28.4528
27.9861
28.5184
28.3988
28.314
27.9861
28.6225
28.3294
28.3487
27.9861
28.4837
28.3294
28.125
28.1867
28.4605
27.8897
28.4528
28.1173
28.3911
27.9591
28.314
