83.76
81.96
82.29
82.13
82.17
81.57
82.2
81.81
82.03
81.81
82.57
81.63
82.16
82
82.3
81.66
82.12
81.68
82.29
81.41
82.25
82.05
82.5
81.77
82.21
81.8
82.21
82.08
82.56
83.11
82.12
81.99
82.12
82.05
82.15
81.52
82.3
81.95
82.49
81.75
82.16
81.47
82.3
81.75
82.3
82.11
82.03
81.95
82.4
81.48
81.84
81.95
82.17
81.72
82.26
81.73
82.17
82.14
81.98
81.74
82.32
82.09
82.3
81.63
82.21
82.01
82.35
82.1
82.43
82.1
82.39
81.48
82.21
81.68
82.34
81.69
81.98
81.63
82.03
81.51
81.79
81.88
82.3
82.15
82.07
81.48
82.11
81.62
82.43
81.39
82.25
81.34
82.12
81.66
82.12
81.76
82.27
81.89
82.11
82.14
82.02
81.8
82.34
81.4
82.25
81.94
81.93
81.68
82.08
81.63
82.35
82
82.17
81.39
82.2
81.89
82.16
81.53
82.07
81.7
82.12
82.08
82.25
81.54
82.25
81.3
82.3
81.59
82.34
81.76
82.2
81.66
82.54
81.96
82.25
82.02
81.97
82.29
81.93
82.1
82.17
81.74
82.16
81.83
82.21
81.35
82.12
82.2
82.21
82.13
82.22
81.4
82.02
81.91
82.17
81.81
82.08
81.82
82.71
81.57
82.68
81.66
81.98
81.66
81.8
81.8
82.25
81.63
82.16
81.92
82.39
81.87
82.43
81.43
82.21
81.95
82.25
82.32
82.07
81.54
82.3
82.05
82.15
82.01
82.3
81.73
82.08
81.84
82.41
81.34
82.07
81.84
82.16
81.7
82.12
81.3
82.21
81.94
82.27
81.94
82.11
81.77
82.16
81.85
82.11
81.84
82.27
81.69
82.16
81.57
82.07
81.7
82.12
81.9
81.98
81.77
82.13
81.92
82.07
82.32
82.15
81.83
82.02
81.65
82.44
81.75
82.16
81.39
82.12
81.68
82.16
81.76
82.01
82.41
82
82.25
81.87
81.97
82.1
82.11
82.37
82.12
81.76
81.92
81.96
82.07
81.43
82.39
81.86
82.57
81.3
82.27
81.78
82.16
81.2
82.13
81.61
82.48
81.82
82.26
81.48
82.32
81.52
82.16
81.57
81.98
82.17
82.39
81.73
82.03
82.15
82.12
82.23
83.83
82.39
81.49
81.93
81.75
82.12
82.01
81.9
81.52
82.02
81.71
82.39
81.68
82.04
82.29
82.26
82.23
82.3
81.93
82.39
81.76
82.52
81.76
82.16
81.57
82.13
82.13
82
82.03
82.17
82.39
81.53
82.07
81.87
82.43
81.99
82.12
81.96
82.33
81.83
82.07
82.06
82.25
81.75
82.29
81.35
82.16
81.89
81.89
81.44
82.25
81.63
82.25
81.9
81.71
81.93
82.3
81.75
82.3
82.11
82.03
81.95
82.4
81.85
82.12
81.96
82.06
82.1
82.21
82.15
82.52
81.57
82.16
81.83
82.68
81.73
82.03
81.63
82.12
82
82.08
81.92
82.07
81.74
82.21
81.57
82.21
81.93
82.12
82.4
82.04
81.58
82.02
81.57
82.07
81.7
82.34
81.58
82.26
81.78
82.07
82.28
82.05
81.73
82.35
82.01
81.93
82.1
82.17
81.74
82.16
81.83
82.2
81.87
81.93
81.71
81.89
81.58
81.71
81.79
82.29
81.47
82.49
81.34
82.43
81.67
81.99
81.69
82.31
81.45
82.21
81.91
82.03
82.24
82.3
82.05
82.31
81.48
82.03
82.2
82.12
81.77
82.13
81.4
82.16
81.47
82.22
81.25
81.98
81.76
82.44
81.69
82.5
81.25
82.16
81.84
82.16
81.89
82.07
81.63
82.08
82.19
81.8
82.28
82.21
81.66
82.3
81.84
82.07
81.96
82.16
81.9
82.3
81.87
81.88
81.74
82.35
81.37
82.35
81.3
82.23
81.61
81.98
81.66
82.07
81.7
82.12
81.84
82.39
81.49
82.63
81.67
82.16
81.43
82.3
81.5
82.61
81.96
82.07
81.63
82.24
82.13
81.99
81.54
82.17
81.73
82.26
81.75
82.4
81.87
82.16
82.23
82.24
81.74
82.38
82.1
82.12
81.85
82.45
81.85
82.38
81.87
82.38
81.62
82.52
81.83
81.99
82.44
82.27
82.11
81.44
82.48
81.59
82.11
81.77
82.25
81.87
82.32
81.41
81.85
82.01
82.12
81.56
82.15
81.82
82.24
81.89
82.25
81.39
82.2
81.81
82.3
81.69
81.97
82.15
82.15
81.78
82.11
81.35
82.12
81.58
82.12
81.43
81.99
81.8
82.43
81.47
82.42
81.92
82.48
81.92
81.97
82.09
81.88
81.53
82.16
81.43
82.02
81.8
82.03
81.39
82.4
81.45
82.44
81.73
82.11
81.35
82.12
81.79
82.17
82.32
82.68
81.92
81.85
81.69
81.88
81.48
82.11
81.75
82.39
81.44
82.25
82.09
82.16
81.75
81.93
81.72
82.12
81.96
82.06
81.88
82.24
81.78
82.2
81.62
82.21
81.31
82.3
81.61
82.26
81.92
82.3
100.89
81.84
81.56
82.03
81.4
82.4
81.48
81.87
82
81.91
81.45
82.1
81.63
82
85.52
82.23
81.97
81.84
81.53
82.03
81.66
85.55
81.48
82.21
81.81
82.15
82.08
81.39
82.08
82.08
82.25
86.53
82.72
82.51
81.86
82.12
82.15
82.21
82.03
82.21
81.81
82.25
81.73
82.39
81.57
82.39
81.58
82.03
81.79
82.26
81.7
81.97
82.1
82.3
82.19
81.88
82.18
82.15
81.53
82.07
81.88
81.93
81.84
82.44
81.75
82.22
81.54
81.9
82.45
82.02
81.95
82.07
82.15
82.35
82.32
82.41
81.83
81.76
81.39
82.12
81.72
82.07
81.91
82.07
82.28
82.4
81.71
82.44
82.02
82.2
81.99
82.03
81.87
82.24
82.2
82.44
81.76
82.25
81.88
82.03
81.37
81.93
81.96
82.41
81.83
82.21
82.23
82.06
81.57
82.12
81.91
82.25
81.74
82.4
81.62
82.17
81.84
82.11
81.81
82.25
81.85
82.21
81.81
82.07
81.55
81.76
81.97
82.03
81.73
82.2
82.31
82.16
82.14
82.32
81.68
82.39
81.61
82.2
81.57
82.12
81.89
82.25
82.23
82.08
82.33
82.16
82.2
82.32
82.29
81.61
82.35
81.41
81.98
81.79
82.35
81.69
82.41
82.1
82.3
81.78
82.06
81.66
82.12
81.72
81.84
81.75
82.29
81.44
82.07
81.52
82.2
81.71
82.21
81.86
82.22
82.11
82.35
81.4
81.98
82.15
82.12
81.55
82.21
81.79
82.62
81.62
82.07
81.47
81.79
82.28
82.12
81.57
82.48
81.44
81.98
82.09
82.07
81.59
81.79
81.99
82.48
82.14
82.15
82.06
82.06
81.7
82.17
81.41
82.25
82.06
82.44
81.69
82.14
82.19
82.39
81.96
82.24
81.3
82.3
81.81
82.11
81.84
82.11
81.26
82.16
81.52
82.11
81.62
82.21
81.41
82.3
81.9
82.16
82
82.12
81.48
82.21
81.49
82.02
81.77
81.98
82.14
82.59
82.78
82.33
81.7
82.26
81.91
82.26
81.39
82.41
81.7
81.98
81.84
82.25
81.7
82.39
81.75
82.21
81.85
82.18
81.94
82.44
81.68
82.07
81.76
82.11
81.84
82.54
85.95
81.85
81.58
82.16
81.94
82.07
81.66
82.12
81.48
82.23
81.44
82.36
81.31
82.11
82.32
82.2
81.44
82.34
81.76
81.98
82.06
82.27
81.66
82.07
81.52
82.25
81.58
82.17
82.32
82.07
81.65
82.5
82.09
81.88
81.83
82.29
81.83
82.08
82.19
81.8
82.28
82.12
82.04
82.25
81.67
82.2
81.75
82.36
82.14
82.22
81.84
81.98
81.88
82.12
81.81
82.61
81.77
82.11
81.53
82.52
81.44
82.07
81.25
82.39
81.75
82.21
81.97
82.27
81.88
82.44
82.28
82.08
82.33
82.2
81.71
82.21
81.86
82.04
82.38
82.35
81.94
82.12
81.98
82.3
81.76
82.21
81.52
82.17
81.35
82.03
82.32
82.06
81.84
82.12
81.72
82.02
81.39
82.45
81.62
82.17
81.84
82.11
81.9
82.39
81.96
82.54
81.81
82.44
81.82
82.47
81.8
82.12
81.76
81.8
81.76
82.25
81.84
82.39
81.39
82.12
81.72
82.21
81.74
82.24
81.46
82.06
81.89
81.98
81.52
82.11
81.63
82.03
81.69
81.79
82.06
82.06
