16440.4
11995.1
11292.3
10502.7
10469.2
10439.8
10393.3
11159.2
11152.2
11175.4
10558.7
10548.3
10766.5
10460.3
10474.3
10555.2
10605.5
10568.4
11176.1
11389
10560.5
10507.7
10500.2
10442.7
10544.2
10534.3
11180.2
10668.2
10617.9
10493.6
10680
10821.3
11159.8
11103.2
10788.6
10600.1
10504.8
10605
10515.8
10463.4
10489.1
10447.9
10962
11056
10813
10515.6
10539.1
10536.4
10517.2
10373
11125.4
11059.8
10457.7
10589.4
10562.7
10674.6
11092.8
11175.9
10887.1
10512.6
10483.1
10473.9
10488.5
10572.7
10572.2
10608
10794.4
11163
11042.1
10498.2
10561.5
10631.3
10491.4
10514.7
11037.7
11049.6
10474
10440
10350.8
10358.8
10905.2
11094.7
11299.8
10523.6
10348.4
10391.6
10325.7
10421.3
10336.9
10494.9
10426.8
10995.6
11092.1
10552.6
10351
10375.9
10396.6
10422.5
10357.5
11135.2
10950
10350.5
10384.1
10378.1
10580
11064.3
11206.1
10802.8
10393.8
10305.6
10314.8
10273.8
10450.5
10449
10484.4
10719.5
11234.2
11031.1
10607.5
10434.9
10380.3
10441.3
10445.7
10869.9
11198.4
10612.4
10474.9
10440.7
10416.2
10924.3
11131.3
11018.4
10640.9
10487.8
10489.3
10511.9
10519.9
10490.8
10506.3
10476.1
11028.9
11126.5
10783.4
10549.5
10509.8
10555.5
10582.5
10578.3
11156.2
10897.4
10586.6
10508.8
10543.2
10731.6
11185
11311.3
10890.9
10446.1
10469.6
10602.1
10541.2
10530.4
10435.9
10449.4
10794.9
11129.6
10919.4
10497.9
10543.2
10504.6
10483.1
10407.1
11003.9
11007
10532.8
10478.6
10493.6
10523.4
11005.5
11116.9
11061.9
10495
10496.3
10399.3
10510.4
10472.5
10531.4
10480.1
10520.9
11233.2
11228.8
10595.7
10388.1
10493.8
10502
10467.1
10424.6
11161.3
10815.5
10394.9
10483.3
10504.8
10745.2
11117.8
11254.2
10919.6
10476.3
10479.9
10407.3
10454.4
10453.6
10475.7
10552.3
10884.5
11101.1
10965
10499
10433.6
10502.9
10462.3
10462.9
11079.1
11105.2
10545.9
10459
10552
10484
11226.1
11188.7
11304
10514
10509.4
10431.3
10460.9
10494.5
10664
10462.1
10544.9
11255.3
11225.7
10509.8
10555.1
10475.5
10536.9
10463.4
10556.2
11276.4
10739.3
10536.7
10495.6
10423.3
10864.2
11157.8
11278.2
10764.5
10516.3
10519
10378.4
10483.4
10587
10417.4
10400.6
10940.5
11139.5
10816.8
10517.9
10388.7
10448.2
10463.1
10440.5
10994.6
10951.7
10462.5
10435.9
10493.9
10592.5
11198.3
11076.7
10995
10473.1
10515.6
10481.2
10469.1
10505.5
10447.8
10429.9
10646.7
11029.7
11182.4
10480.8
10440.8
10444.2
10471.5
10398.7
10938
11240.6
10570
10475.1
10527.8
10522.7
11117.2
11157.7
11249.4
10675.9
10504.8
10490.4
10430.6
10526.9
10502.5
10521
10568.1
11234
11070.7
10678.8
10586
10532.7
10541.6
10564.6
10529.8
11210.8
10939.1
10419.8
10551.4
10541.7
10661.6
11122.7
11227.6
10897.5
10448.7
10580
10445.6
10404.3
10487.2
10517.7
10470
10832.9
11197
10846.3
10482
10469.6
10440.5
10513.4
10543.8
11067.1
11171.5
10445
10468.5
10484.7
10409.2
11044.4
11162.5
11255.7
10669.2
10458.8
10464.1
10530.3
10532.9
10489
10442.9
10534.9
11188.7
11261.7
10515.4
10491.6
10448.8
10523.5
10463.7
10466.6
11187.3
10772.8
10559
10451
10427.7
10792
11192.8
11282.5
10851.2
10505.5
10477.6
10605
10449
10479.8
10469
10406.3
10872
11080.9
10952.4
10522.6
10626.2
10482.1
10503.6
10591
11178
11120.8
10564.4
10615.5
10536.9
10602
11093.9
11233.7
11125.6
10476.9
10585
10482.1
10484.6
10489.6
10441.3
10442.5
10551.7
11132.1
11157
10540.8
10545.7
10448.1
10520.6
10433.5
10689.2
11264.5
10702.9
10470
10480.5
10519
10801.9
11236.2
10975.4
10673.2
10434.4
10449.2
10490.3
10535.2
10505.7
10555.5
10497.1
10907.5
11008.1
10773.4
10440.9
10525.6
10512.4
10466.2
10478.5
11088.8
11004
10555.8
10528.3
10441.2
10706.8
11070.2
10994.9
11027.3
10469.6
10445.5
10469.1
10503.5
10532.2
10593.3
10533.6
10723.8
11269.5
11226.4
10533
10405.2
10546.4
10520.9
10615.8
10803.4
11191.9
10612.3
10413.8
10484.1
10445.2
11038
11290.2
11345.6
10730.6
10628.9
10650.1
10499.8
10583.7
10401
10488.5
10449.7
11017.4
11181.2
10691.6
10494.2
10510
10649.8
10490.3
10511
11166.8
10885.1
10536.9
10431.1
10473
10556.1
11143.8
11027.2
11012.9
10498
10327.6
10520
10449.9
10526.8
10477.1
10500.5
10664
11251.4
11034
10538.5
10472.2
10552.8
10549.1
10437.5
10766.7
11138.8
10603.7
10491.7
10441
10478.1
10921
11163.5
11177.4
10629.5
10580.9
10448.6
10496.8
10417.4
10513.1
10473.6
10422
11025.3
11085.1
10735.8
10532.1
10564.2
10441.1
10497.2
10483.4
11243.9
11005.1
10510.9
10629.3
10443.6
10859.2
11112.3
11273.2
10758
10443
10432.6
10522.5
10559.5
10574.6
10518.2
10513.1
10775.5
11096.9
10856.7
10582.2
10469.4
10570.1
10515.5
10446.8
10819.2
11206.7
10434.1
10491.8
10440.8
10510.3
11261.7
11245.2
11090
10416.8
10495.9
10504.3
10473.9
10554.7
10476.9
10492.2
10742.4
11111.3
11148.6
10437.8
10429.9
10379.6
10455.5
10466.6
10535.8
11408
10691.5
10471.2
10358.1
10577.1
10919.4
11208.2
11291.2
10746.6
10485.3
10434.2
10556.7
10490.2
10446.6
10477.8
10560.5
10937
11141.3
10792.8
10416.6
10377.1
10473.9
10487.6
10597.3
10920.4
11040.7
10445.5
10465.9
10488.7
10413.4
11029.2
11087.5
11168.8
10435.7
10596.4
10545.6
10425.4
10521.1
10505.2
10523.5
10738
11224.8
11152.8
10634.2
10504.3
10537.6
10570.5
10515.3
10956
11145.3
10684.7
10535.3
10653.1
10534.3
11067.5
11131.3
11257
10657.1
10580.2
10508.6
10435.7
10485.9
10456.8
10584.5
10522.2
11142.9
11203.4
10678.6
10440.5
10596.1
10470.2
10422.4
10415
11256.1
10865.8
10418.4
10529.3
10575.6
10735.2
11053
11023.2
10781.6
10460.5
10537.5
10495.8
10552.2
10526
10607.5
10414.3
10844
11082
10900
10473.3
10462.6
10538.3
10508.5
10495.5
10871.8
11147.3
10496.8
10394.4
10448.2
10497.7
11132.8
11127.2
11273.4
10480.6
10491.7
10489.6
10505.5
10532.2
10482.9
10563.5
10675.2
11200.5
11015
10617.5
10451.9
10421.2
10528.5
10457.2
10550.9
11688.4
10803.5
10509.7
10498
10487
10894
11367.6
11310.8
10869.9
10500.6
10491.2
10481
10635.5
10511.2
10498.9
10482
11139
11112.8
10695.8
10416.3
10439.4
10498
10461.5
10575.8
11185.1
10979.7
10539.7
10463.3
10423.2
10516.9
11090
11081.9
11240.5
10462.4
10449.1
10595.4
10493.5
10425.5
10463.9
10513.7
10649.6
11340.4
11070.6
10441.3
10468.7
10437.5
10556
10471
10633.3
11101.9
10670.7
10511.7
10468
10546.5
10870.3
11122.5
11174.2
10660.1
10541.2
10445.8
10498.5
10557.2
10484.5
10432.6
10468.9
11083.6
11225.5
10753
10482.9
10563.6
10516.5
10425.3
10442.8
11091.4
11052
10471.6
10499.4
10550.3
10658.5
11054.1
11173.4
11186
10459.6
10481.5
10474.5
10526.2
10526.4
10504.7
10546.2
10693.2
11108.4
11002.3
10503.6
10510.5
10614.4
10512.2
10487.2
10979.4
11056.8
10523.6
10493.4
10473.3
10434.6
10994.5
10990.8
11083.2
10662
10460.5
10470.1
10504.7
10465.4
10546.2
10432.6
10462.4
10942.2
11183.4
10698.4
10559.9
10457.6
10468
10498.4
10468.7
11158.4
10975.8
10482.7
10452
10484.4
10677.7
11197.5
11248.5
10891.8
10511.2
10395.3
10514.1
10519.6
10553.5
10554.8
10457.6
10893.4
11210.4
10936.6
10510.7
10424.9
10449
10457.7
10555.5
10950.8
11326.1
10552.9
10491.7
10518.5
10517.9
11062.9
11205.7
11125.6
10582.9
10505.8
10515.2
10477.4
10534.5
10602
10476
10631.6
11327.5
11279.4
10574.6
10499.7
10472.3
10513.7
10580.6
10612.3
11378.2
10830.5
10507.2
10523.8
10397.3
10831.2
10983.3
11115.9
10881.9
10431.7
10535.2
10557.7
10492.3
10490.9
10436.3
10435.2
10808.8
11209.5
10892
10502.9
10496.9
10499.1
10465.7
10557.7
11134.6
10996.8
10512.2
10528.7
10645.2
10525.2
11191
11105.4
11043.5
10452
10520.2
10542.3
10493.1
10494.1
10437.9
10445.5
10737.8
11102.6
11151.8
10470.8
10554.8
10454.5
10660.5
10481.7
10559
11235.5
10577.5
10402.9
10429.9
10517.9
10912.5
10987.9
11274.5
10539.5
10446.8
10510.8
10481.2
10531.4
10485.9
10578.7
10609.1
11127.2
11077
10774.6
10489.4
10550.3
10616.1
10538.1
10556
11333.1
11028.2
10509.5
10432.9
10508.1
10715
11245.6
11168.8
11090
10507
10491.6
10468.5
10472.2
10525.9
10455
10441.5
10755.9
11160.3
10928.6
10502.3
10527.9
10431.2
10503.6
10457.5
11152.4
11095.8
10574.5
10557.4
10417.7
10445.4
11052
11248.4
11258.6
10559.2
10436.4
10475.1
10511.6
10561
10461.3
10501.9
10537.4
11109.3
11231.2
10683.7
10465.9
10435.6
