9292.09
8356.74
8292.24
8625.58
8403.61
8244
8396.67
8352.71
8170.27
8137.06
8137.41
8121.53
8220.05
8163.39
8207.59
8232.71
8126.18
8237.23
8295.14
8407.07
8221.06
8182.14
8185.73
8216.5
8129.79
8131.85
8222.79
8248.66
8166.44
8326.12
8422.04
8389.38
8163.24
8156.14
8117.46
8129.96
8134.73
8172.4
8146.27
8285.92
8234.74
8316.82
8336.68
8319.63
8123.82
8149.44
8157.78
8168.68
8195.2
8239.47
8145.89
8252.24
8122.37
8343.82
8369.14
8243.15
8163.41
8223.34
8146.66
8118.58
8173.92
8118.23
8182.43
8220.7
8197.39
8416.67
8353.64
8252.21
8117.82
8165.67
8154.31
8139.79
8127.2
8156.41
8304.79
8152.9
8261.14
8290.39
8337.38
8144.55
8129.72
8116.78
8242.87
8157.17
8122.81
8149.89
8169.87
8107.5
8270.4
8344.03
8269.23
8126.41
8139.39
8112.83
8142.84
8080.34
8072.75
8090.81
8190.28
8207.02
8309.44
8316.13
8325.8
8069.28
8099.41
8218.99
8106.82
8071.26
8169.5
8115.78
8223.64
8141.71
8257.76
8340.37
8182.38
8087.36
8132.81
8160.92
8138.39
8180.09
8099.83
8180.05
8155.18
8134.1
8315.49
8334.34
8214.13
8123.34
8160.4
8076.85
8102.02
8113.32
8066.57
8234.76
8154.22
8245.36
8406.21
8320.71
8129.34
8127.19
8125.7
8088.34
8153.21
8171.66
8123.26
8299.99
8101.12
8775.52
8231.36
8302.11
8163.77
8170.3
8149.22
8149.71
8176.81
8069.25
8135.81
8223.58
8136.28
8398.53
8341.32
8332.42
8170.22
8166.04
8135.09
8135.8
8117.85
8106.15
8158.59
8259.19
8289.86
8272.59
8328.55
8172.72
8098.67
8111.19
8156.29
8108.77
8222.19
8143.9
8228.32
8144.45
8176.25
8297.34
8228.42
8125.31
8135.24
8130.29
8131.4
8119.25
8119.13
8084.21
8159.37
8142.38
8214.19
8361.98
8273.51
8119.87
8191.22
8078.91
8128.01
8103.97
8115.9
8063.17
8274.26
8130.94
8313.7
8290.76
8270.46
8145.8
8095.74
8091.81
8139.09
8124.91
8146.42
8266.02
8139.9
8137.46
8337.83
8294.69
8176.32
8157.96
8166.93
8143.93
8109.76
8095.4
8104.82
8224.07
8120.06
8219.78
8324.75
8304.83
8196.51
8106.25
8110.53
8146.32
8085.19
8107.67
8187.18
8278.42
8154.65
8316.32
8234.21
8334.75
8092.3
8083.16
8099.63
8109.51
8109.93
8129.48
8113.66
8198.1
8089.59
8253.02
8303.84
8259.65
8142.06
8132.15
8149.81
8074.98
8152.07
8084.21
8135.79
8197.63
8099.5
8313.12
8325.78
8241.76
8081.48
8124.59
8095.77
8067.81
8123.93
8106.08
8261.16
8182.96
8175.53
8338.84
8293.58
8193.07
8116.91
8088.72
8143.2
8155.19
8121.93
8070.33
8193.15
8089.43
8183.89
8324.06
8275.02
8159.09
8136.33
8126.13
8137.26
8073.44
8089.23
8103.92
8195.95
8141.99
8327.49
8321.65
8280.83
8160.73
8071.34
8091.43
8113.9
8085.69
8109.39
8141.25
8249.08
8153.72
8303.93
8352.67
8297.23
8102.77
8084.56
8155.1
8171.49
8127.93
8172.22
8150.64
8157.02
8136.2
8264.43
8326
8295.87
8122.4
8160.76
8089.7
8100.79
8126.87
8088.61
8111.51
8220.8
8161.24
8321.58
8317.14
8209.42
8090.71
8138.51
8086.8
8110.12
8115.92
8116.39
8253.45
8121.33
8190.09
8335.67
8316.35
8125.7
8100.87
8141.79
8106.75
8164.98
8080.35
8082.49
8245.77
8079.17
8178.18
8330.73
8361.79
8131.73
8100.13
8084.11
8093.38
8076.91
8091.58
8146.83
8232.62
8105.68
8380.18
8257.42
8268.01
8118.38
8101.48
8082.64
8157.35
8117.87
8183.06
8110.84
8186.18
8108.75
8290.12
8276.48
8207.08
8104.43
8131.5
8110.64
8115.92
8134.83
8107.06
8099.69
8186.08
8123.37
8342.95
8382.56
8262.3
8113.64
8119.31
8103.69
8076.79
8132.59
8081.11
8189.17
8135.02
8224.55
8336.43
8323.89
8185.54
8080.05
8118.67
8102.96
8136.09
8136.78
8116.1
8247.38
8075.85
8230.21
8265.26
8288.25
8139.34
8201.77
8127.57
8080.76
8124.26
8061.2
8068.11
8217.15
8092.42
8352.62
8274.89
8311.44
8093.65
8073.75
8079.2
8081.45
8102.82
8114.78
8224.28
8217.69
8164.55
8306.49
8255.83
8230.23
8078.43
8093.82
8148.48
8133.7
8127.43
8161.05
8143.99
8114.68
8189.38
8267.67
8275.96
8206.02
8122.53
8156.39
8164.32
8065.69
8129.14
8122.11
8197.07
8123.09
8209.5
8327.9
8313.14
8154.75
8121.46
8115.7
8116.71
8075.21
8124.87
8142.86
8228.78
8190.53
8241.35
8402.6
8290.67
8104.36
8174.64
8142.83
8132.33
8211.44
8143.26
8084.18
8205.54
8099.82
8263.49
8368.46
8290.79
8141.32
8152.37
8139.92
8108.97
8082.93
8099.33
8128.83
8129.33
8171.76
8328.98
8312.69
8186.43
8119.09
8083.41
8065.53
8143.79
8102.08
8110.09
8285.63
8151.19
8126.07
8274.67
8241.22
8149.87
8089.32
8129.8
8181.97
8129.66
8115.56
8144.21
8157.64
8080.98
8178.73
8241.79
8307.04
8138.72
8133
8136.6
8099.51
8086.34
8071.98
8088.19
8234.2
8162.03
8274.55
8355.65
8252.16
8104.49
8116.59
8142.61
8111.86
8117.64
8177.21
8125.14
8261.46
8140.81
8279.47
8363.39
8260.54
8095.51
8150.49
8169.68
8143.87
8152.62
8120.51
8126.7
8300.43
8124.67
8373.97
8319.96
8232.41
8155.77
8103.05
8110.98
8119.76
8117.69
8097.47
8248.78
8181.36
8181.5
8354.13
8271.74
8198.62
8174.29
8122.76
8135.03
8142.69
8147.1
8102.32
8251.46
8122.77
8223.29
8299.14
8285.82
8157.42
8104.14
8136.61
8124.79
8121.58
8102.44
8118.19
8150.61
8098.33
8264.98
8285.88
8355.47
8168.56
8120.4
8120.47
8111.06
8110.13
8082.7
8122.54
8230.07
8191.8
8290.61
8311.74
8287.59
8074.11
8099.2
8092.9
8150.38
8159.87
8182.88
8123.79
8198.12
8154.36
8224.18
8340.2
8158.18
8174.31
8148.05
8172.69
8099.97
8113.96
8159.14
8174.45
8142.65
8201.4
8427.82
8338.75
8232.72
8155.65
8128.82
8127.59
8137.98
8135.37
8153.92
8328.62
8190.34
8296.51
8378.19
8265.17
8161.04
8124.52
8120.73
8147.27
8161.59
8143.61
8077.53
8210.63
8086.69
8372.67
8300.58
8287.23
8191.41
8135.16
8135.61
8131.2
8118.57
8112.27
8180.57
8211.29
8196.5
8355.14
8332.95
8325.57
8096.33
8137.37
8104.29
8106.8
8085.5
8186.29
8196.99
8222.75
8240.9
8258.26
8364.07
8233.49
8084.87
8973.9
8127.71
8135.88
8175.85
8108.19
8222.04
8153.46
8186.12
8297.07
8382.81
8173.58
8142.98
8130.6
8117.25
8164.39
8084.94
8099.6
8210.93
8135.66
8265.72
8384.62
8333.24
8113.98
8149.84
8112.52
8106.15
8122.62
8193.63
8187.67
8286.19
8111.4
8301.77
8351.15
8213.21
8197.65
8122.28
8200.81
8201.73
8119.33
8133.71
8183.81
8185.54
8095.06
8292.44
8382.82
8308.8
8144.58
8151.58
8149.56
8095.81
8099.01
8150.43
8222.4
8155.44
8196.49
8322.72
8304.07
8219.1
8115.12
8126.4
8136.67
8120.5
8155.73
8160.84
8211.36
8155.62
8147.03
8274.61
8345.75
8131.34
8127.62
8193.76
8128.41
8126.4
8094.29
8120.34
8305.51
8140.56
8318.68
8354.47
8345.44
8111.41
8101.33
8112.71
8152.54
8196.14
8146
8188.91
8298.24
8141.94
8295.16
8447.38
8295.75
8093.76
8139.41
838922
8162.14
8261.76
8205.93
8264.36
8281.36
8121.27
8362.03
8377.63
8327.32
8228.45
8183.25
8221.32
8205.25
8153.93
8141.49
8320.82
8214.87
8201.04
8457.22
8447.14
8294.66
8243.17
8158.47
8168.04
8235.53
8183.13
8181.33
8366.39
8204.78
8332.09
8374.47
8398.84
8205.72
8150.82
8151.89
8186.59
8208.56
8188.19
8294.35
8278.92
8181.55
8303.74
8318.07
8433.08
8156.19
8186.16
8222.82
8180.73
8109.02
8154.45
8152.66
8187.77
8177.37
8339.85
8315.17
8306.94
8197.05
8132.08
8098.13
8138.59
8172.24
8139.71
8278.69
8257.52
8236.68
8329.61
8363.58
8168.64
8127.18
8165.04
8160.41
8177.35
8119.12
8148
8205.31
8125.67
8175.15
8354.57
8297.65
8168.87
8195.57
8128.95
8164.9
8125.82
8131.59
8078.78
8298.89
8098.79
8312.23
8406.74
8323.95
8204.85
8088.36
8147.98
8151.42
8157.18
8122.8
8208.75
8296.15
8137.77
8400.13
8251.81
8293.55
8161.43
8098.08
8163.65
8147.05
8165.64
8169.29
8213.69
8189.09
8142.99
8320.18
8308.37
8271.36
8147.09
8170.48
8163.68
8127.23
8123.96
8093.56
8227.88
8113.78
8239.06
8314.85
8322.34
8197.11
8095.3
8137.51
8099.66
8103.13
8168.46
8134.13
8241.23
8222.11
8266.08
8362.12
8281.9
8115.87
8147.25
8129.78
8206.64
8172.94
8154.52
8140.94
8274.41
8138.05
8271.14
8345.94
8328.91
8145.09
8211.22
8131.19
8159.95
8104.71
8126.29
8152.97
8208.02
8189.34
8368.76
8396.63
8223.15
8203.16
8090.34
8115.71
8149.46
8149.16
8156.56
8316.5
8195.45
8208.61
8347.75
8343.26
8285.99
8160.22
8176.88
8228.64
8166.19
8206.04
8183.74
8283.89
8182.54
8295.58
8331.41
8406.71
8167
8149.65
8166.25
8109.93
8107.89
8134.73
8124.71
8229.2
8188.82
8318.08
8306.8
8374.68
8114.01
8114.02
8153.19
8145.31
8152.56
8128.2
8181.98
8280.24
8110.74
8308.2
8344.82
8226.92
8092.75
8209.1
8107.47
8154
8116.63
8095.45
8158.5
8147.94
8157.29
8340.78
8380.26
8270.24
8157.66
