24091.7
21666.6
21499.4
22363.6
21788.1
21374.3
21770.2
21656.2
21183.2
21097
21098
21056.8
21312.2
21165.3
21279.9
21345
21068.8
21356.8
21506.9
21797.1
21314.8
21213.9
21223.2
21303
21078.2
21083.5
21319.3
21386.4
21173.2
21587.2
21835.9
21751.2
21164.9
21146.5
21046.2
21078.6
21091
21188.7
21120.9
21483
21350.3
21563.1
21614.6
21570.4
21062.7
21129.2
21150.8
21179
21247.8
21362.6
21119.9
21395.7
21059
21633.1
21698.8
21372.1
21165.4
21320.8
21121.9
21049.1
21192.6
21048.2
21214.7
21313.9
21253.5
21822
21658.6
21395.6
21047.2
21171.2
21141.8
21104.1
21071.5
21147.2
21531.9
21138.1
21418.8
21494.6
21616.4
21116.5
21078
21044.5
21371.4
21149.2
21060.1
21130.3
21182.1
21020.4
21442.8
21633.7
21439.7
21069.4
21103.1
21034.2
21112
20950
20930.3
20977.1
21235
21278.5
21544
21561.3
21586.4
20921.3
20999.4
21309.5
21018.7
20926.5
21181.2
21041.9
21321.5
21109.1
21410
21624.2
21214.5
20968.2
21086
21158.9
21100.5
21208.6
21000.5
21208.5
21144
21089.4
21559.7
21608.5
21296.9
21061.5
21157.6
20941
21006.2
21035.5
20914.3
21350.4
21141.5
21377.8
21794.9
21573.2
21077
21071.5
21067.6
20970.7
21138.9
21186.8
21061.3
21519.5
21003.9
22752.4
21341.5
21525
21166.3
21183.2
21128.6
21129.8
21200.1
20921.2
21093.8
21321.4
21095
21775
21626.6
21603.6
21183
21172.2
21092
21093.8
21047.2
21016.9
21152.9
21413.7
21493.2
21448.4
21593.5
21189.5
20997.5
21030
21146.9
21023.7
21317.8
21114.8
21333.7
21116.2
21198.7
21512.6
21333.9
21066.6
21092.3
21079.5
21082.4
21050.9
21050.6
20960
21154.9
21110.8
21297
21680.2
21450.8
21052.5
21237.5
20946.3
21073.6
21011.3
21042.2
20905.5
21452.8
21081.2
21555
21495.5
21442.9
21119.7
20989.9
20979.7
21102.3
21065.5
21121.3
21431.4
21104.4
21098.1
21617.6
21505.8
21198.8
21151.2
21174.5
21114.9
21026.3
20989
21013.5
21322.6
21053
21311.5
21583.7
21532
21251.2
21017.2
21028.3
21121.1
20962.6
21020.9
21227
21463.6
21142.7
21561.8
21348.9
21609.6
20981
20957.3
21000
21025.6
21026.7
21077.4
21036.4
21255.3
20974
21397.7
21529.5
21414.9
21110
21084.3
21130.1
20936.1
21136
20960
21093.8
21254.1
20999.7
21553.5
21586.3
21368.5
20953
21064.7
20990
20917.5
21063
21016.7
21418.8
21216.1
21196.8
21620.2
21502.9
21242.3
21044.8
20971.7
21113
21144.1
21057.8
20924
21242.5
20973.6
21218.5
21581.9
21454.7
21154.2
21095.2
21068.7
21097.6
20932.1
20973
21011.1
21249.7
21109.8
21590.8
21575.7
21469.8
21158.4
20926.7
20978.7
21037
20963.9
21025.3
21107.9
21387.5
21140.2
21529.7
21656.1
21512.3
21008.2
20960.9
21143.8
21186.3
21073.4
21188.2
21132.3
21148.8
21094.8
21427.3
21586.9
21508.8
21059
21158.5
20974.3
21003
21070.6
20971.4
21030.8
21314.2
21159.8
21575.5
21563.9
21284.7
20976.9
21100.8
20966.8
21027.2
21042.2
21043.5
21398.8
21056.3
21234.5
21612
21561.9
21067.6
21003.2
21109.3
21018.5
21169.4
20950
20955.6
21378.9
20947
21203.7
21599.2
21679.7
21083.2
21001.3
20959.8
20983.8
20941.1
20979.1
21122.4
21344.8
21015.7
21727.4
21409.1
21436.6
21048.6
21004.8
20956
21149.7
21047.3
21216.3
21029.1
21224.4
21023.7
21493.9
21458.5
21278.6
21012.5
21082.6
21028.5
21042.2
21091.3
21019.3
21000.2
21224.2
21061.6
21630.9
21733.6
21421.8
21036.3
21051
21010.5
20940.8
21085.5
20952
21232.2
21091.8
21323.9
21614
21581.5
21222.8
20949.2
21049.4
21008.7
21094.5
21096.3
21042.7
21383.1
20938.3
21338.6
21429.4
21489
21103
21264.8
21072.5
20951.1
21063.9
20900.4
20918.3
21304.7
20981.3
21655.9
21454.4
21549.2
20984.5
20932.9
20947
20952.9
21008.3
21039.3
21323.2
21306.1
21168.3
21536.3
21405
21338.6
20945
20984.9
21126.7
21088.3
21072.1
21159.3
21115
21039
21232.7
21435.7
21457.2
21275.8
21059.4
21147.2
21167.7
20912
21076.5
21058.3
21252.6
21060.8
21284.9
21591.8
21553.6
21142.9
21056.6
21041.7
21044.3
20936.7
21065.5
21112.1
21334.8
21235.7
21367.4
21785.5
21495.3
21012.3
21194.5
21112
21084.8
21289.9
21113.1
20959.9
21274.6
21000.5
21424.8
21697
21495.6
21108.1
21136.8
21104.5
21024.2
20956.7
20999.2
21075.7
21077
21187
21594.7
21552.4
21225
21050.5
20958
20911.6
21114.5
21006.3
21027.1
21482.3
21133.7
21068.6
21453.8
21367.1
21130.3
20973.3
21078.2
21213.5
21077.9
21041.3
21115.6
21150.4
20951.7
21205.1
21368.6
21537.8
21101.4
21086.5
21095.9
20999.7
20965.5
20928.3
20970.3
21348.9
21161.8
21453.5
21663.8
21395.5
21012.6
21044
21111.4
21031.7
21046.7
21201.2
21066.2
21419.6
21106.8
21466.3
21683.9
21417.2
20989.3
21131.9
21181.6
21114.7
21137.4
21054.1
21070.2
21520.6
21064.9
21711.3
21571.3
21344.3
21145.5
21008.9
21029.4
21052.2
21046.8
20994.4
21386.7
21211.9
21212.3
21659.8
21446.2
21256.7
21193.6
21060
21091.8
21111.7
21123.1
21007
21393.7
21060
21320.6
21517.3
21482.8
21149.8
21011.7
21095.9
21065.2
21056.9
21007.3
21048.1
21132.2
20996.6
21428.7
21482.9
21663.3
21178.7
21053.9
21054
21029.6
21027.2
20956.1
21059.4
21338.2
21239
21495.2
21549.9
21487.3
20933.8
20998.9
20982.5
21131.6
21156.2
21215.8
21062.6
21255.4
21141.9
21322.9
21623.7
21151.8
21193.6
21125.5
21189.4
21000.9
21037.2
21154.3
21194
21111.5
21263.9
21850.9
21620
21345.1
21145.3
21075.7
21072.5
21099.4
21092.7
21140.8
21593.7
21235.2
21510.5
21722.2
21429.2
21159.2
21064.5
21054.7
21123.5
21160.7
21114
20942.7
21287.8
20966.5
21707.9
21521
21486.4
21238
21092.1
21093.3
21081.8
21049.1
21032.8
21209.9
21289.5
21251.2
21662.5
21604.9
21585.8
20991.4
21097.9
21012.1
21018.6
20963.4
21224.7
21252.4
21319.2
21366.3
21411.3
21685.6
21347.1
20961.7
23266.7
21072.8
21094
21197.6
21022.2
21317.4
21139.6
21224.2
21511.9
21734.2
21191.7
21112.4
21080.3
21045.7
21167.9
20961.9
20999.9
21288.6
21093.4
21430.6
21738.9
21605.7
21037.2
21130.2
21033.4
21016.9
21059.6
21243.7
21228.3
21483.7
21030.5
21524.1
21652.1
21294.5
21254.2
21058.7
21262.3
21264.7
21051.1
21088.4
21218.3
21222.8
20988.2
21499.9
21734.2
21542.3
21116.5
21134.7
21129.5
20990.1
20998.4
21131.7
21318.3
21144.7
21251.1
21578.4
21530.1
21309.8
21040.2
21069.4
21096
21054.1
21145.5
21158.7
21289.7
21145.2
21122.9
21453.7
21638.1
21082.2
21072.6
21244.1
21074.6
21069.4
20986.2
21053.7
21533.8
21106.1
21567.9
21660.7
21637.3
21030.6
21004.4
21033.9
21137.2
21250.2
21120.2
21231.5
21514.9
21109.7
21507
21901.6
21508.5
20984.8
21103.2
2.17508e+06
21162.1
21420.4
21275.6
21427.1
21471.2
21056.1
21680.3
21720.8
21590.3
21334
21216.8
21315.5
21273.9
21140.8
21108.5
21573.5
21298.8
21262.9
21927.1
21901
21505.7
21372.2
21152.6
21177.4
21352.4
21216.5
21211.8
21691.6
21272.6
21602.7
21712.6
21775.8
21275.1
21132.7
21135.5
21225.5
21282.4
21229.6
21504.8
21464.9
21212.4
21529.2
21566.3
21864.5
21146.6
21224.3
21319.4
21210.3
21024.3
21142.1
21137.5
21228.5
21201.6
21622.8
21558.8
21537.5
21252.6
21084.2
20996.1
21101
21188.3
21103.9
21464.3
21409.4
21355.3
21596.3
21684.3
21178.9
21071.4
21169.6
21157.6
21201.5
21050.5
21125.4
21274
21067.5
21195.8
21661
21513.4
21179.5
21248.8
21076
21169.2
21067.9
21082.9
20945.9
21516.6
20997.8
21551.2
21796.2
21581.6
21272.8
20970.8
21125.4
21134.3
21149.2
21060.1
21282.9
21509.5
21098.9
21779.1
21394.6
21502.8
21160.2
20996
21166
21123
21171.2
21180.6
21295.7
21232
21112.4
21571.8
21541.2
21445.2
21123.1
21183.7
21166.1
21071.6
21063.1
20984.3
21332.5
21036.7
21361.5
21558
21577.4
21252.8
20988.8
21098.2
21000.1
21009.1
21178.5
21089.5
21367.1
21317.6
21431.6
21680.6
21472.6
21042.1
21123.5
21078.2
21277.5
21190.1
21142.3
21107.1
21453.2
21099.6
21444.7
21638.6
21594.5
21117.9
21289.3
21081.8
21156.4
21013.2
21069.1
21138.3
21281
21232.6
21697.8
21770
21320.3
21268.4
20975.9
21041.7
21129.2
21128.4
21147.6
21562.3
21248.5
21282.6
21643.3
21631.7
21483.2
21157.1
21200.3
21334.5
21172.6
21275.9
21218.1
21477.7
21215
21508
21601
21796.2
21174.7
21129.7
21172.7
21026.7
21021.4
21091
21065
21335.9
21231.2
21566.4
21537.1
21713.1
21037.3
21037.3
21138.9
21118.4
21137.2
21074.1
21213.5
21468.3
21028.8
21540.8
21635.7
21330
20982.2
21283.8
21020.3
21141
21044.1
20989.2
21152.7
21125.3
21149.5
21625.2
21727.6
21442.4
21150.5
