66.83
67.43
66.78
67.92
68.08
67.5
67.2
67.15
66.91
68.02
67.59
67.99
67.95
68
67.59
67.23
67.62
67.23
68.82
67.03
68.01
66.98
66.54
66.68
67.37
68.14
66.57
66.77
66.81
67.78
67.92
67.26
66.72
67.95
66.52
67.8
68.19
67.2
67.23
66.75
67.96
68.47
67.61
68.05
66.38
67.48
67.29
66.54
68.19
67.16
67.42
66.8
67.1
67.6
66.93
67.7
67.2
67.02
66.53
66.49
66.84
66.72
67.87
66.5
66.52
66.4
66.48
66.48
67.96
68.29
67.07
68.5
67.1
67.21
67.02
66.81
68.1
66.62
67.15
67.06
66.57
66.93
67.83
66.68
66.81
68.32
67.92
67.08
67.08
68.13
66.61
68.07
68.46
67.29
67.05
66.75
68.32
68.2
67.16
68.05
66.47
67.39
67.2
67.08
68.46
66.62
67.15
67.42
66.48
66.66
68.28
66.86
66.9
68.14
68.28
67.36
67.16
66.72
67.11
67.49
67.35
67.65
66.93
67.15
67.3
66.89
67.12
67.98
67.2
66.86
67.31
66.83
67.1
66.77
67.79
67.31
67.03
67.42
67.33
67.33
67.65
66.79
67.13
66.9
67.21
66.58
67.5
67.34
67.41
66.86
67.67
67.7
67.47
67.62
66.89
66.8
67.5
66.49
67.32
66.73
67.06
67.43
66.86
66.98
67.12
67.47
67.04
67.03
67.22
67.13
66.77
67.59
67.11
67.12
67.89
66.88
67.38
67.02
67.59
66.81
67.85
67.57
67.25
67.46
66.89
67.16
66.93
66.82
67.24
67.16
67.04
67.39
67.31
67.33
67.2
66.75
66.64
67.06
68.25
67.16
67.18
67.58
67.68
67.22
67.26
71.32
66.75
67.97
66.63
66.9
66.82
66.79
66.38
67.74
68.42
67.19
66.76
67.17
68.23
66.74
66.93
67.61
67.65
67.1
66.97
66.48
68.03
66.79
68.11
66.52
66.83
66.8
67.47
66.97
67.12
68.47
66.9
66.81
67.09
66.94
66.29
67.74
68.33
67.21
67.3
67.28
66.63
66.83
68.1
67.13
67.27
66.92
66.61
67.11
68.75
68.11
66.3
67.05
66.43
66.98
67.56
67.06
67.75
66.98
68.23
67.02
66.88
67.37
67.1
66.96
66.71
66.58
243.95
67.47
67.59
67.11
66.75
66.93
67.06
67.89
67.59
67.23
66.94
66.98
67.4
67.89
66.79
67.18
68.14
67.81
67.06
66.73
67.3
67.58
67.31
66.68
66.98
68.09
67.68
66.77
66.78
67.34
66.69
67.06
67.16
67.38
67.53
67.3
67.71
67.65
67.04
67.58
67.05
67.11
67.45
67.21
66.98
67.48
67.02
66.59
67.39
67.76
67.58
67.22
67.71
67.39
66.67
67.5
67.28
67.11
66.74
67.19
66.97
67.39
67.25
67.3
67.71
67.65
67.04
66.77
67.19
66.74
66.86
66.71
67.22
67.48
66.7
67.09
67.3
67.04
67.49
66.86
67.34
68
67.5
67.28
67.26
67.27
67.13
66.64
67.06
67.11
66.79
66.9
67.32
66.78
67.12
66.86
66.83
67.82
66.87
67.27
67.49
67.11
67.25
67.52
67.08
66.87
67.06
66.82
67.93
67.18
66.9
67.99
67.09
67.13
67.46
67.97
66.87
66.92
67.29
67.24
67.37
67
67.9
67.77
67.15
67.27
67.01
67.74
67.33
67.56
67.06
67.9
67.6
66.8
67.34
66.93
67.16
67.34
67.06
66.72
67.3
67.31
67.15
67.38
66.68
67.11
67.02
66.79
66.86
67.66
67.26
67.22
66.83
67.56
67.64
67.16
66.79
66.84
66.97
67.34
66.72
67.23
66.88
66.37
67.66
67.09
67.35
67.9
67
66.95
67.64
67.88
66.51
66.65
67.38
67.33
67.19
66.91
67.99
67.68
67.6
66.82
66.65
67.11
66.7
67.11
66.61
68.26
67.51
67.16
66.98
67.02
67.7
67.07
67.06
67.81
67.77
77.22
68.01
66.4
67.32
67.95
68.19
67.23
66.79
66.58
66.75
68.56
66.26
66.94
67.04
66.83
67.92
66.95
66.91
67.52
67.34
68.25
67.07
67.06
67.24
66.98
67.16
67.32
66.66
67.29
67
66.45
70.42
67.42
66.73
67.34
67.47
67.39
67.86
66.97
67.01
66.99
67.36
66.94
67.31
66.9
66.9
66.83
70.54
66.77
67.47
67.16
67.26
67.65
66.76
67.22
66.96
67.42
67.71
67.17
67.23
67.15
67.35
68.11
67.47
67.54
67.52
67.71
66.88
67.01
67.27
67.35
67.13
66.83
67.29
66.92
66.83
67.15
67.57
67.21
67.99
67.78
67.52
67.7
67.56
67.07
66.89
67.13
67.7
67.04
67.12
67.51
67.15
67.63
67.43
66.7
67.8
66.89
67.27
67.49
67.23
66.97
67.36
67.1
67.29
67.51
67.56
67.51
67.07
66.99
66.96
67.44
66.7
67.11
67.36
66.83
67.25
67.95
67.64
67.3
66.84
67.04
67.2
67.29
67.71
67.16
67.36
67.08
67.59
67.55
66.93
66.65
67.1
66.88
67.03
67.39
68.26
67.78
66.98
67.43
67.11
67.07
67.79
67.11
66.66
67.21
67.79
67.11
66.8
67.97
67.22
67.29
67.72
67.5
66.87
67.06
67.52
66.83
67.29
67.24
66.93
67.66
67.16
66.66
67.16
67.79
67.04
68.02
67.06
66.74
66.73
67.9
66.77
66.78
67.7
67.31
67
66.7
67.11
66.97
66.98
66.81
66.69
66.99
66.6
66.82
67.24
67.16
67.04
67.39
67.31
66.57
66.77
67.57
67.4
67.22
66.77
66.8
67.91
66.76
67.5
66.65
67.2
66.92
67.28
67.6
67.3
66.98
67.07
67.55
66.98
67.16
67.2
66.98
67.07
67.38
66.84
67.48
66.8
66.75
67.34
67.7
66.95
67.66
66.88
67.01
67.27
67.72
66.68
66.78
67.7
67.65
66.78
66.75
66.93
66.7
67.53
67.23
67.32
67.27
67.16
67.58
67.89
66.79
67.45
68.23
67.72
66.66
67.16
67.83
68.08
67.11
67.26
66.73
67.31
67.1
66.88
67.03
66.98
67.66
67.71
67.11
66.59
67.29
67.43
66.89
67.24
66.84
67.48
66.8
66.75
66.53
66.7
67.02
67.33
67.22
67.71
67.39
66.67
67.07
67.22
66.99
68.01
67.38
67.47
67.65
67.24
67.26
67.59
67.05
67.39
66.95
67.37
66.74
66.5
67.63
68.41
67.63
67.6
66.97
67.36
67.88
67.8
67.65
67.32
67.2
67.12
67.8
66.7
67.29
67.11
68.02
67.34
67.27
67.75
67.07
67.41
66.85
67.59
67.22
68.16
66.97
67.36
68.05
67.9
67.51
67.15
67.42
67.38
66.88
67.31
67.35
67.12
66.76
67.59
67.39
67
67.49
66.82
66.7
67.11
66.61
67.34
67.81
66.8
67.12
67.75
67.11
67.4
67.22
66.6
67.58
66.92
67.07
67.68
67.28
67.33
66.86
67.03
67.45
66.88
67.98
67.07
67.36
67.4
67.41
66.7
67.18
67.31
67
66.7
67.11
66.97
66.98
66.81
67.71
67.26
67.06
66.93
67.36
67.46
67.43
67.5
67.65
67.6
66.97
67.36
67.88
67.8
67.24
67.1
66.99
66.93
66.9
66.87
67.25
66.6
67.24
67.52
66.73
67.7
66.94
67.89
67.11
67.4
67.22
66.6
67.58
66.92
67.07
67.68
67.28
67.33
66.86
67.03
66.82
67.42
67.98
67.61
67.81
67.22
67.5
67.42
66.94
67.83
67.11
67.47
67.2
67.24
67.08
67.5
67.72
67.88
66.55
67.66
67.18
67.08
68.17
67.36
67.65
67.06
66.7
67.54
67.22
68.1
68.11
66.97
66.92
67.75
67.31
66.89
67.65
66.59
67.02
67.2
67.06
66.95
67.66
67.08
67.22
66.65
67.74
67.19
67.29
67.11
67.47
67.24
67.17
67.68
66.6
67.21
67.14
67.09
67.06
66.89
66.86
67.3
67.49
66.97
67.97
66.87
66.92
67.29
67.24
67.37
67
67.9
67.77
67.15
67.27
67.01
67.74
67.33
67.56
67.06
67.9
67.6
66.8
67.34
66.93
67.16
67.34
67.06
67.99
67.09
66.5
67.37
67.25
67.43
67.13
66.82
67.74
67.81
67.26
67.02
66.81
66.6
67.16
66.87
67.1
67.33
67.21
67.79
67.21
67.8
67.02
67.13
67.52
67.67
67.53
67.33
67.36
