25.7761
26.0075
25.7568
26.1965
26.2582
26.0345
25.9188
25.8995
25.807
26.2351
26.0692
26.2235
26.2081
26.2274
26.0692
25.9304
26.0808
25.9304
26.5436
25.8532
26.2312
25.834
25.6642
25.7182
25.9844
26.2814
25.6758
25.753
25.7684
26.1425
26.1965
25.9419
25.7337
26.2081
25.6565
26.1502
26.3006
25.9188
25.9304
25.7452
26.2119
26.4086
26.0769
26.2467
25.6025
26.0268
25.9535
25.6642
26.3006
25.9034
26.0037
25.7645
25.8802
26.0731
25.8147
26.1117
25.9188
25.8494
25.6604
25.645
25.78
25.7337
26.1772
25.6488
25.6565
25.6103
25.6411
25.6411
26.2119
26.3392
25.8687
26.4202
25.8802
25.9227
25.8494
25.7684
26.2659
25.6951
25.8995
25.8648
25.6758
25.8147
26.1618
25.7182
25.7684
26.3508
26.1965
25.8725
25.8725
26.2775
25.6912
26.2544
26.4048
25.9535
25.861
25.7452
26.3508
26.3045
25.9034
26.2467
25.6372
25.9921
25.9188
25.8725
26.4048
25.6951
25.8995
26.0037
25.6411
25.7105
26.3354
25.7877
25.8031
26.2814
26.3354
25.9805
25.9034
25.7337
25.8841
26.0307
25.9767
26.0924
25.8147
25.8995
25.9574
25.7992
25.888
26.2197
25.9188
25.7877
25.9612
25.7761
25.8802
25.753
26.1464
25.9612
25.8532
26.0037
25.9689
25.9689
26.0924
25.7607
25.8918
25.8031
25.9227
25.6797
26.0345
25.9728
25.9998
25.7877
26.1001
26.1117
26.0229
26.0808
25.7992
25.7645
26.0345
25.645
25.9651
25.7375
25.8648
26.0075
25.7877
25.834
25.888
26.0229
25.8571
25.8532
25.9265
25.8918
25.753
26.0692
25.8841
25.888
26.1849
25.7954
25.9882
25.8494
26.0692
25.7684
26.1695
26.0615
25.9381
26.0191
25.7992
25.9034
25.8147
25.7722
25.9342
25.9034
25.8571
25.9921
25.9612
25.9689
25.9188
25.7452
25.7028
25.8648
26.3238
25.9034
25.9111
26.0654
26.1039
25.9265
25.9419
27.5079
25.7452
26.2158
25.699
25.8031
25.7722
25.7607
25.6025
26.1271
26.3894
25.915
25.7491
25.9072
26.3161
25.7414
25.8147
26.0769
26.0924
25.8802
25.8301
25.6411
26.2389
25.7607
26.2698
25.6565
25.7761
25.7645
26.0229
25.8301
25.888
26.4086
25.8031
25.7684
25.8764
25.8185
25.5678
26.1271
26.3546
25.9227
25.9574
25.9497
25.699
25.7761
26.2659
25.8918
25.9458
25.8108
25.6912
25.8841
26.5166
26.2698
25.5717
25.861
25.6218
25.834
26.0577
25.8648
26.1309
25.834
26.3161
25.8494
25.7954
25.9844
25.8802
25.8262
25.7298
25.6797
94.0907
26.0229
26.0692
25.8841
25.7452
25.8147
25.8648
26.1849
26.0692
25.9304
25.8185
25.834
25.9959
26.1849
25.7607
25.9111
26.2814
26.1541
25.8648
25.7375
25.9574
26.0654
25.9612
25.7182
25.834
26.2621
26.1039
25.753
25.7568
25.9728
25.7221
25.8648
25.9034
25.9882
26.0461
25.9574
26.1155
26.0924
25.8571
26.0654
25.861
25.8841
26.0152
25.9227
25.834
26.0268
25.8494
25.6835
25.9921
26.1348
26.0654
25.9265
26.1155
25.9921
25.7144
26.0345
25.9497
25.8841
25.7414
25.915
25.8301
25.9921
25.9381
25.9574
26.1155
26.0924
25.8571
25.753
25.915
25.7414
25.7877
25.7298
25.9265
26.0268
25.726
25.8764
25.9574
25.8571
26.0307
25.7877
25.9728
26.2274
26.0345
25.9497
25.9419
25.9458
25.8918
25.7028
25.8648
25.8841
25.7607
25.8031
25.9651
25.7568
25.888
25.7877
25.7761
26.1579
25.7915
25.9458
26.0307
25.8841
25.9381
26.0422
25.8725
25.7915
25.8648
25.7722
26.2004
25.9111
25.8031
26.2235
25.8764
25.8918
26.0191
26.2158
25.7915
25.8108
25.9535
25.9342
25.9844
25.8417
26.1888
26.1387
25.8995
25.9458
25.8455
26.1271
25.9689
26.0577
25.8648
26.1888
26.0731
25.7645
25.9728
25.8147
25.9034
25.9728
25.8648
25.7337
25.9574
25.9612
25.8995
25.9882
25.7182
25.8841
25.8494
25.7607
25.7877
26.0962
25.9419
25.9265
25.7761
26.0577
26.0885
25.9034
25.7607
25.78
25.8301
25.9728
25.7337
25.9304
25.7954
25.5987
26.0962
25.8764
25.9767
26.1888
25.8417
25.8224
26.0885
26.1811
25.6527
25.7067
25.9882
25.9689
25.915
25.807
26.2235
26.1039
26.0731
25.7722
25.7067
25.8841
25.726
25.8841
25.6912
26.3276
26.0384
25.9034
25.834
25.8494
26.1117
25.8687
25.8648
26.1541
26.1387
29.7835
26.2312
25.6103
25.9651
26.2081
26.3006
25.9304
25.7607
25.6797
25.7452
26.4434
25.5563
25.8185
25.8571
25.7761
26.1965
25.8224
25.807
26.0422
25.9728
26.3238
25.8687
25.8648
25.9342
25.834
25.9034
25.9651
25.7105
25.9535
25.8417
25.6295
27.1608
26.0037
25.7375
25.9728
26.0229
25.9921
26.1734
25.8301
25.8455
25.8378
25.9805
25.8185
25.9612
25.8031
25.8031
25.7761
27.207
25.753
26.0229
25.9034
25.9419
26.0924
25.7491
25.9265
25.8262
26.0037
26.1155
25.9072
25.9304
25.8995
25.9767
26.2698
26.0229
26.0499
26.0422
26.1155
25.7954
25.8455
25.9458
25.9767
25.8918
25.7761
25.9535
25.8108
25.7761
25.8995
26.0615
25.9227
26.2235
26.1425
26.0422
26.1117
26.0577
25.8687
25.7992
25.8918
26.1117
25.8571
25.888
26.0384
25.8995
26.0847
26.0075
25.726
26.1502
25.7992
25.9458
26.0307
25.9304
25.8301
25.9805
25.8802
25.9535
26.0384
26.0577
26.0384
25.8687
25.8378
25.8262
26.0114
25.726
25.8841
25.9805
25.7761
25.9381
26.2081
26.0885
25.9574
25.78
25.8571
25.9188
25.9535
26.1155
25.9034
25.9805
25.8725
26.0692
26.0538
25.8147
25.7067
25.8802
25.7954
25.8532
25.9921
26.3276
26.1425
25.834
26.0075
25.8841
25.8687
26.1464
25.8841
25.7105
25.9227
26.1464
25.8841
25.7645
26.2158
25.9265
25.9535
26.1194
26.0345
25.7915
25.8648
26.0422
25.7761
25.9535
25.9342
25.8147
26.0962
25.9034
25.7105
25.9034
26.1464
25.8571
26.2351
25.8648
25.7414
25.7375
26.1888
25.753
25.7568
26.1117
25.9612
25.8417
25.726
25.8841
25.8301
25.834
25.7684
25.7221
25.8378
25.6874
25.7722
25.9342
25.9034
25.8571
25.9921
25.9612
25.6758
25.753
26.0615
25.9959
25.9265
25.753
25.7645
26.1927
25.7491
26.0345
25.7067
25.9188
25.8108
25.9497
26.0731
25.9574
25.834
25.8687
26.0538
25.834
25.9034
25.9188
25.834
25.8687
25.9882
25.78
26.0268
25.7645
25.7452
25.9728
26.1117
25.8224
26.0962
25.7954
25.8455
25.9458
26.1194
25.7182
25.7568
26.1117
26.0924
25.7568
25.7452
25.8147
25.726
26.0461
25.9304
25.9651
25.9458
25.9034
26.0654
26.1849
25.7607
26.0152
26.3161
26.1194
25.7105
25.9034
26.1618
26.2582
25.8841
25.9419
25.7375
25.9612
25.8802
25.7954
25.8532
25.834
26.0962
26.1155
25.8841
25.6835
25.9535
26.0075
25.7992
25.9342
25.78
26.0268
25.7645
25.7452
25.6604
25.726
25.8494
25.9689
25.9265
26.1155
25.9921
25.7144
25.8687
25.9265
25.8378
26.2312
25.9882
26.0229
26.0924
25.9342
25.9419
26.0692
25.861
25.9921
25.8224
25.9844
25.7414
25.6488
26.0847
26.3855
26.0847
26.0731
25.8301
25.9805
26.1811
26.1502
26.0924
25.9651
25.9188
25.888
26.1502
25.726
25.9535
25.8841
26.2351
25.9728
25.9458
26.1309
25.8687
25.9998
25.7838
26.0692
25.9265
26.2891
25.8301
25.9805
26.2467
26.1888
26.0384
25.8995
26.0037
25.9882
25.7954
25.9612
25.9767
25.888
25.7491
26.0692
25.9921
25.8417
26.0307
25.7722
25.726
25.8841
25.6912
25.9728
26.1541
25.7645
25.888
26.1309
25.8841
25.9959
25.9265
25.6874
26.0654
25.8108
25.8687
26.1039
25.9497
25.9689
25.7877
25.8532
26.0152
25.7954
26.2197
25.8687
25.9805
25.9959
25.9998
25.726
25.9111
25.9612
25.8417
25.726
25.8841
25.8301
25.834
25.7684
26.1155
25.9419
25.8648
25.8147
25.9805
26.0191
26.0075
26.0345
26.0924
26.0731
25.8301
25.9805
26.1811
26.1502
25.9342
25.8802
25.8378
25.8147
25.8031
25.7915
25.9381
25.6874
25.9342
26.0422
25.7375
26.1117
25.8185
26.1849
25.8841
25.9959
25.9265
25.6874
26.0654
25.8108
25.8687
26.1039
25.9497
25.9689
25.7877
25.8532
25.7722
26.0037
26.2197
26.0769
26.1541
25.9265
26.0345
26.0037
25.8185
26.1618
25.8841
26.0229
25.9188
25.9342
25.8725
26.0345
26.1194
26.1811
25.6681
26.0962
25.9111
25.8725
26.2929
25.9805
26.0924
25.8648
25.726
26.0499
25.9265
26.2659
26.2698
25.8301
25.8108
26.1309
25.9612
25.7992
26.0924
25.6835
25.8494
25.9188
25.8648
25.8224
26.0962
25.8725
25.9265
25.7067
26.1271
25.915
25.9535
25.8841
26.0229
25.9342
25.9072
26.1039
25.6874
25.9227
25.8957
25.8764
25.8648
25.7992
25.7877
25.9574
26.0307
25.8301
26.2158
25.7915
25.8108
25.9535
25.9342
25.9844
25.8417
26.1888
26.1387
25.8995
25.9458
25.8455
26.1271
25.9689
26.0577
25.8648
26.1888
26.0731
25.7645
25.9728
25.8147
25.9034
25.9728
25.8648
26.2235
25.8764
25.6488
25.9844
25.9381
26.0075
25.8918
25.7722
26.1271
26.1541
25.9419
25.8494
25.7684
25.6874
25.9034
25.7915
25.8802
25.9689
25.9227
26.1464
25.9227
26.1502
25.8494
25.8918
26.0422
26.1001
26.0461
25.9689
25.9805
