10474
10950
10113
14069
10242
10216
10033
10107
10311
10405
14208
10088
10400
9821
10192
14079
10043
10677
159190
10018
14387
10133
10232
10370
10162
9999
10331
10187
10697
10088
10425
9721
10296
10078
9880
10291
10450
10167
9989
10182
9919
14431
10291
10272
10821
10960
10009
10415
10316
10475
10335
9944
11296
10192
13995
14605
10093
10004
10311
10098
14476
15912
15060
9905
10073
10340
14203
10053
10222
10123
15322
10286
14441
10385
9810
10405
10083
14798
13922
9989
10425
10102
10058
10212
10663
10202
10004
14188
10459
14570
10197
10152
10222
9989
10157
9722
10123
10019
14496
10875
9900
10504
11168
9934
14734
10548
10257
10217
14352
10083
9914
14357
10444
10197
9925
10202
10162
10469
14470
10217
14689
17774
10647
21077
10430
9969
10103
9895
10003
10202
14144
10370
13866
10237
10573
9949
10311
10395
10177
10207
10558
10376
10335
9974
10365
9969
10182
10059
10137
10351
10028
14441
10197
17130
14204
9994
14407
10291
14134
10420
10098
10242
10192
10142
10791
10158
10345
10158
14644
9984
10073
14694
10455
9999
10138
10013
10341
10167
13872
10108
13892
14189
10653
14565
9974
10237
14416
13669
10162
10093
10489
10078
10039
10286
10177
10563
10113
14273
10286
10122
10271
10335
14639
10147
10251
10108
10132
10153
10252
14619
10187
10281
10370
10316
10247
10177
10167
9915
10796
11757
10628
10925
10325
9999
10663
10796
14560
10261
23464
10088
10855
10429
10093
10271
14550
10103
10366
10306
10499
14684
14976
10589
14178
9910
14050
9905
15154
10074
14624
10697
10643
10454
10761
9919
10217
9979
10202
14045
10722
10608
10692
11401
10153
10137
9925
10499
10286
9945
10385
14470
9900
10226
10053
10148
10677
10187
10296
9915
10499
9885
10365
10400
14461
10400
10132
10128
14015
10133
10584
11584
10494
10078
10222
14070
10132
10296
10138
10717
10038
9944
10088
11757
10286
13827
10350
10266
10360
10093
10142
9910
10494
14793
10663
10851
14035
10514
10667
10232
10137
10107
10167
10965
10588
10162
14432
10023
10227
10192
9895
22340
10677
10350
15041
10187
14486
14386
9949
10509
10276
10583
14714
10336
9969
14114
10093
10271
10375
10147
10029
9954
10048
10013
10321
10018
10068
9791
10336
14783
10147
10172
14362
10306
10434
10257
10390
15090
10311
10480
10063
10172
10177
10311
15100
11237
10677
10232
14243
10360
10757
22286
10831
10321
10315
10405
10202
9969
9910
9984
14471
10376
14600
14659
14352
10098
10197
9900
10232
10509
14060
10420
9999
15179
10390
10063
10009
14119
13654
10593
10355
9909
9910
11737
10460
14282
9944
14594
10271
14619
10455
9890
10336
10336
10197
9959
10767
10563
10881
10326
9924
10078
14154
10346
10345
14684
10163
10306
10548
10296
10415
10405
10954
10717
14164
10796
10732
15734
10108
12039
10494
14530
10638
10559
10261
10162
11009
10603
11504
10331
10925
10306
10316
10331
10425
10454
9781
14224
10559
11519
15550
26178
14367
10370
10548
10875
10029
10083
10321
10222
10371
10771
10583
14966
10212
14312
10375
14313
15397
10271
10529
14525
11202
10276
10242
10445
9914
10583
10073
10742
10330
10177
10667
10811
14000
10608
10335
10613
10539
9989
10737
10469
10311
10390
9965
13218
10117
10663
10117
10182
10370
15119
10256
10286
10390
10177
15065
10192
10296
10113
10390
10117
9955
10148
10365
10420
14792
10118
10381
10276
14961
11386
10593
10440
10311
10588
10192
10177
10578
9940
12108
10142
14619
14342
14421
10514
10747
10866
10801
10370
10222
10316
10489
10663
10059
10138
10514
10177
10236
10445
10207
10628
10370
10123
11207
10286
10494
10014
10499
10197
12292
10573
10395
10861
10202
10182
10642
10405
10459
11613
10519
10242
10400
10019
10277
10306
14228
10296
10153
11068
10167
10964
20993
9959
13803
10608
10276
10450
10870
10494
10633
10494
10147
14560
11435
10395
10494
10296
10261
10246
10549
10029
10217
10361
10523
10380
10133
10336
10361
14179
10103
10177
10083
10252
10444
10227
14219
10454
10167
9865
10252
14506
10554
10167
10469
12683
10202
10132
10167
14659
10380
10727
10415
9746
10034
10425
10336
14575
10465
10345
10212
10039
10752
10633
10801
14179
10544
10301
10885
10033
10469
10623
10514
10672
14228
14426
10534
10311
14173
11203
10212
15110
9924
10083
9905
10499
10182
9974
9954
13882
10628
10455
10252
10296
10162
10385
10340
10588
10459
10197
10252
9935
10316
14094
10167
10523
10652
10038
10405
9915
10014
10603
10281
10519
13911
14238
10142
10211
16818
10746
10568
9969
10524
10325
15045
10321
14287
10945
10321
10321
10653
10375
10083
10455
10325
10262
10098
14208
10301
10371
10747
10207
10395
10133
10455
9939
13946
10251
9924
13966
10361
10039
10751
10063
10217
10316
10172
13049
10697
9900
10227
10321
10252
10355
17101
10524
10816
10039
10326
9959
14055
10053
10836
11474
10717
10033
10583
10043
10247
10237
10063
10246
9989
14530
10083
14817
10222
9939
10316
10251
10177
10444
10034
10103
10465
14713
10068
13971
10212
10152
10202
14204
10455
10544
14753
13782
10023
10044
10083
10152
10093
14396
14813
10331
10202
10008
9964
10003
10504
13922
10440
10326
10068
10296
10593
13861
10266
10222
9959
9950
9959
14763
10350
14971
10851
10063
10316
14763
10197
14263
10533
9934
10881
11365
10246
10702
10564
10207
10529
11177
10311
9945
10167
10336
10122
10281
14753
10881
14664
10296
10276
10078
10058
12228
14872
14535
10335
10301
10390
10766
10024
10108
15867
14793
10504
10088
14089
10489
10385
23147
10227
10737
10444
10593
14466
10786
10350
10504
10390
10207
10445
10251
10138
13842
10128
10088
10108
14411
10003
9949
13129
10162
10355
10301
10311
10351
10435
15105
11088
10454
10385
10499
11678
10350
10132
10964
10454
10469
9979
13574
10514
14679
10712
10197
14159
10870
10534
10628
14084
10519
10267
10261
14872
10519
14253
10514
10375
10286
14079
10539
14451
10034
29774
10667
10157
10440
14382
10013
10128
14179
17110
14401
10004
10494
10563
21602
10480
10429
10786
15145
10158
10766
10440
9930
14862
9989
11004
10202
14838
10538
10583
10123
10969
10038
10043
10430
10212
10157
10088
10583
10435
10538
10291
14609
10222
10613
15065
10241
10271
10212
10028
10548
10039
14312
10439
10459
10034
10023
10335
14233
12103
14565
