0.519848
0.489965
0.488259
0.488527
0.492278
0.485931
0.488486
0.488688
0.496278
0.481481
0.488126
0.488299
0.496463
0.481384
0.49293
0.489927
0.496098
0.481501
0.617107
0.488295
0.488717
0.49812
0.481565
0.488043
0.488533
0.49657
0.482882
0.492074
0.491332
0.491632
0.485638
0.492371
0.487627
0.488454
0.489891
0.487898
0.487935
0.488982
0.496334
0.482905
0.488119
0.488791
0.496566
0.481868
0.487891
0.488935
0.498125
0.481703
0.487733
0.488609
0.496536
0.481649
0.489709
0.489786
0.493517
0.482994
0.493115
0.490282
0.489016
0.487477
0.491342
0.488343
0.489083
0.492671
0.485122
0.613913
0.488116
0.488929
0.490979
0.486634
0.487878
0.488506
0.495425
0.482133
0.487979
0.489121
0.495984
0.481193
0.489756
0.488651
0.496256
0.481745
0.487918
0.488806
0.496194
0.481284
0.489816
0.489829
0.493448
0.483291
0.492778
0.49119
0.488865
0.491881
0.489415
0.487742
0.491449
0.49418
0.483792
0.488367
0.488818
0.496579
0.481215
0.487719
0.488594
0.497077
0.481337
0.487861
0.489693
0.498261
0.481325
0.488427
0.610897
0.493375
0.496484
0.481521
0.487835
0.489884
0.495733
0.481652
0.492139
0.489503
0.491142
0.487158
0.49222
0.488083
0.4887
0.490536
0.487111
0.487865
0.488825
0.495373
0.482689
0.487823
0.488756
0.496436
0.481497
0.488562
0.488498
0.496558
0.481993
0.489659
0.488831
0.496523
0.482485
0.489536
0.489753
0.493556
0.483058
0.493093
0.48958
0.488718
0.487913
0.489859
0.489599
0.488959
0.492806
0.484715
0.534473
0.612738
0.493275
0.496572
0.481323
0.487953
0.488711
0.496371
0.481717
0.488376
0.48872
0.496673
0.481296
0.497212
0.491958
0.491083
0.485818
0.491375
0.488074
0.502697
0.496281
0.486654
0.488099
0.488815
0.496442
0.481605
0.488263
0.497579
0.496814
0.481404
0.48819
0.488855
0.497044
0.481714
0.491419
0.489491
0.498135
0.493092
0.491372
0.497819
0.4998
0.496235
0.66675
0.481376
0.487783
0.491369
0.496423
0.481457
0.700385
0.611126
0.606059
0.488267
0.488849
0.496351
0.481686
0.488275
0.48934
0.495636
0.4827
0.493396
0.489807
0.49105
0.485947
0.491569
0.48793
0.489021
0.49096
0.487108
0.487875
0.48844
0.495459
0.482382
0.487879
0.488702
0.496209
0.481282
0.490004
0.488786
0.496515
0.481716
0.489239
0.489074
0.496364
0.481344
0.490121
0.490167
0.493166
0.483593
0.492584
0.490658
0.488729
0.489391
0.489269
0.487605
0.506205
0.597554
0.487054
0.490549
0.487991
0.4889
0.491112
0.48746
0.488139
0.489058
0.49688
0.481438
0.48814
0.488714
0.498016
0.481458
0.488049
0.488988
0.49621
0.481342
0.487889
0.489474
0.496481
0.481716
0.491368
0.489457
0.492044
0.486184
0.49256
0.488464
0.488838
0.489288
0.488214
0.488126
0.488706
0.49429
0.483632
0.48815
0.488681
0.496429
0.481581
0.488115
0.488645
0.496445
0.481995
0.489585
0.488908
0.496641
0.615411
0.481276
0.4881
0.488634
0.496308
0.481761
0.487806
0.48891
0.496102
0.481519
0.49318
0.489602
0.491141
0.485663
0.492146
0.487803
0.488907
0.489731
0.487501
0.488222
0.488712
0.494566
0.483201
0.488002
0.488672
0.496357
0.48119
0.492738
0.48878
0.498066
0.48162
0.488036
0.488611
0.496239
0.481533
0.494247
0.489121
0.493047
0.483777
0.492797
0.489229
0.488663
0.524321
0.482974
0.488017
0.48858
0.496404
0.612592
0.48446
0.487887
0.488568
0.497365
0.481453
0.488025
0.488787
0.496507
0.481524
0.487967
0.488634
0.496246
0.483391
0.488168
0.48979
0.495267
0.481354
0.492668
0.489959
0.49112
0.486009
0.491679
0.487674
0.488908
0.490404
0.4885
0.489131
0.489171
0.495577
0.482054
0.48796
0.488542
0.496491
0.481337
0.488042
0.488948
0.496237
0.481221
0.488233
0.488634
0.496257
0.48135
0.54832
0.490072
0.488637
0.494518
0.602777
0.495128
0.487831
0.489122
0.492831
0.484846
0.488093
0.489002
0.495963
0.481834
0.489217
0.489109
0.49646
0.484935
0.488626
0.488876
0.496469
0.482411
0.488448
0.489489
0.494819
0.481549
0.493202
0.489592
0.490897
0.486857
0.491023
0.489657
0.488603
0.494131
0.486016
0.487503
0.488616
0.496192
0.481
0.488162
0.489704
0.496249
0.4817
0.48796
0.489183
0.496368
0.482753
0.487849
0.488534
0.496444
0.481864
0.490882
0.48953
0.492404
0.484251
0.492799
0.489065
0.488751
0.488766
0.488756
0.487935
0.488898
0.493934
0.484035
0.489852
0.488761
0.496237
0.482473
0.488279
0.488604
0.496145
0.481458
0.488002
0.488849
0.496448
0.481416
0.488092
0.489698
0.497839
0.482027
0.492747
0.489617
0.490124
0.486995
0.491046
0.488248
0.488954
0.491334
0.486526
0.487949
0.488855
0.496171
0.481847
0.488049
0.489651
0.500694
0.48336
0.488108
0.489006
0.496534
0.481248
0.488217
0.493151
0.495627
0.481534
0.492665
0.489364
0.4908
0.485604
0.493159
0.487953
0.489013
0.490587
0.486997
0.487832
0.488797
0.495886
0.48236
0.488067
0.489413
0.496106
0.481756
0.488138
0.488941
0.496458
0.483696
0.489364
0.488602
0.498395
0.481488
0.491364
0.489589
0.492443
0.491363
0.492329
0.488449
0.488705
0.490681
0.487595
0.488026
0.488836
0.497209
0.482698
0.488346
0.488972
0.49624
0.481549
0.488372
0.48861
0.496541
0.481577
0.487999
0.488665
0.496625
0.481283
0.489696
0.489463
0.493914
0.483017
0.495277
0.489537
0.488802
0.487981
0.490006
0.488093
0.488897
0.493262
0.484866
0.487679
0.488874
0.496199
0.48153
0.488054
0.490591
0.496422
0.481259
0.487456
0.488876
0.496485
0.481617
0.487847
0.48911
0.496314
0.481363
0.493207
0.489603
0.491574
0.485677
0.492287
0.487799
0.489176
0.506686
0.484957
0.487781
0.488752
0.496714
0.481543
0.488238
0.489741
0.496432
0.481641
0.488174
0.48877
0.496391
0.482785
0.487828
0.489707
0.495866
0.48148
0.492841
0.489291
0.490978
0.486023
0.492001
0.487819
0.488804
0.490644
0.487616
0.488447
0.488687
0.495677
0.482601
0.487976
0.490753
0.496659
0.481442
0.488058
0.488757
0.49646
0.481587
0.488041
0.488725
0.496598
0.481092
0.548715
0.488193
0.490642
0.495039
0.483051
0.48797
0.489131
0.496556
0.481708
0.487804
0.488635
0.495992
0.481744
0.488081
0.489065
0.496049
0.481362
0.488574
0.490365
0.496638
0.485239
0.492622
0.489488
0.489169
0.487782
0.489597
0.489979
0.48856
0.49288
0.48502
0.488
0.488731
0.496842
0.483044
0.488007
0.488884
0.496338
0.481597
0.488267
0.488967
0.496363
0.481216
0.48834
0.489804
0.496112
0.481393
0.492482
0.489584
0.494451
0.486675
0.491624
0.488905
0.490517
0.491658
0.485966
0.488129
0.488914
0.496503
0.481198
0.48807
0.488793
0.496486
0.481426
0.488309
0.488545
0.497773
0.481438
0.487967
0.492117
0.496917
0.481361
0.491569
0.489242
0.492214
0.484501
0.492992
0.488332
0.488567
0.489668
0.488359
0.48829
0.489094
0.493862
0.485523
0.487923
0.488812
0.49688
0.481145
0.487972
0.488691
0.496306
0.481687
0.4881
0.489006
0.496719
0.481534
0.489184
0.492054
0.494167
0.482609
0.492613
0.489817
0.489698
0.487731
0.490404
0.488243
0.488733
0.492011
0.48567
0.488047
0.489037
0.497149
0.482612
0.4878
0.488812
0.498026
0.481364
0.48823
0.488727
0.496282
0.481507
0.487966
0.489283
0.496816
0.481791
0.492115
0.489738
0.491421
0.486905
0.492619
0.48796
0.488754
0.490225
0.487819
0.488037
0.488622
0.495134
0.484219
0.488225
0.488609
0.496137
0.481406
0.488246
0.488531
0.496315
0.481176
0.48803
0.490779
0.496695
0.48267
0.489734
0.489844
0.493748
0.48321
0.493198
0.489411
0.488801
0.488028
0.49003
0.48794
0.490107
0.492957
0.485222
0.488015
0.488653
0.496349
0.482208
0.488194
0.488631
0.496211
0.481434
0.488075
0.489112
0.496798
0.481475
0.488156
0.489957
0.496009
0.48318
0.492715
0.489608
0.490563
0.485824
0.492051
0.489485
0.488498
0.49095
0.487072
0.487644
0.488395
0.495442
0.553524
0.492499
0.489499
0.492659
0.483978
0.492661
0.489032
0.678303
0.596822
0.495639
0.487012
0.490606
0.488089
0.488756
0.49181
0.486038
0.487894
0.488506
0.497955
0.481709
0.488046
0.489047
0.496464
0.487622
0.487899
0.488561
0.496384
0.481438
0.48783
0.48888
0.49577
0.481249
0.494273
0.489961
0.491119
0.486486
0.491653
0.488367
0.488647
0.491188
0.48697
0.487951
0.488693
0.495274
0.482807
0.488175
0.488982
0.49664
0.481453
0.48781
0.49002
0.496802
0.481435
0.487702
0.488578
0.496439
0.481318
0.489628
0.489798
0.493898
0.483236
0.493042
0.489658
0.49022
0.488953
0.48969
0.487843
0.489039
0.492744
0.484789
0.487984
0.488662
0.496702
0.481178
0.489119
0.488517
0.497087
0.481353
0.487916
0.488789
0.496399
0.481518
0.48962
0.489185
0.49595
0.481421
0.492318
0.489648
0.492019
0.485989
0.492003
0.487933
0.488581
0.490283
0.487696
0.489562
0.48874
0.495483
0.482589
0.487976
0.489153
0.496255
0.481435
0.488094
0.488654
0.496394
0.481242
0.488312
0.488649
0.49626
0.481297
0.489527
0.489598
0.495578
0.48398
0.492855
0.489798
0.488946
0.488262
0.490061
0.48799
0.488695
0.492583
0.485094
0.488113
0.489167
0.497662
0.481473
0.488013
0.488657
0.496396
0.481581
0.487998
0.488626
0.496378
0.481337
0.48793
0.489236
0.496308
0.481376
0.491812
0.489595
0.49153
0.491197
0.491671
0.489133
0.48866
0.490787
0.486864
0.50203
0.492376
0.496426
0.481233
0.48794
0.488692
0.496528
0.481507
0.487952
0.490978
0.496577
0.481346
0.48979
0.489402
0.494154
0.482407
0.49259
0.489764
0.490935
0.48731
0.490315
0.488029
0.488694
0.491882
0.486016
0.48799
0.488609
0.504166
0.48165
0.488012
0.489222
0.496192
0.481475
0.487919
0.488243
0.496444
