0.929279
0.801509
1.24372
0.781747
1.25348
0.679441
1.08533
0.779943
1.1703
0.917183
1.07907
0.928853
1.0041
1.00404
1.13567
0.85537
0.934924
0.776694
1.41197
1.04938
0.949237
1.13903
0.96414
0.807888
1.23167
0.932677
1.08674
0.81415
1.22192
0.946342
0.807915
1.08614
0.940511
1.1804
0.921826
0.869788
0.92009
1.12469
0.780901
1.31517
0.652137
1.2057
1.1021
0.965593
1.10632
0.598637
1.27648
1.03267
0.973364
1.08933
0.942767
0.795526
1.18587
0.958686
0.808925
1.09822
1.00741
1.16039
0.809035
1.27138
0.896603
0.81576
0.89066
1.102
1.13546
1.08251
0.732202
1.11414
1.08135
0.941649
1.21712
0.532853
1.21949
1.03082
0.684399
1.17815
1.25095
0.500911
1.07838
1.35447
0.573635
0.855092
1.55223
0.833715
0.784146
1.08185
1.14498
0.838974
1.00295
0.829091
1.26804
1.11284
0.97141
0.779558
1.20892
0.951282
0.823544
1.31768
0.777112
0.889808
1.22672
0.814811
0.961641
1.08509
0.929976
0.959558
1.12788
1.23321
0.963902
0.791189
0.787704
1.47982
1.14255
0.621757
1.1123
0.994315
1.10984
1.06857
1.06508
0.927686
0.572144
1.25487
1.12454
0.78099
0.979757
0.825546
1.27653
0.774186
1.39908
0.823236
0.822152
0.961952
1.12975
0.974798
1.0233
1.10247
0.927332
1.2201
0.953025
0.690569
1.29115
0.619421
1.25933
1.2288
0.829538
0.773584
1.04069
1.24365
0.650116
1.08597
0.867106
1.18304
1.03516
0.767565
1.18034
0.940455
1.04348
1.3753
0.694498
0.995964
0.928098
0.878403
1.22932
0.905266
1.02218
1.39398
0.574867
1.19023
0.946792
0.870359
1.25165
0.794312
0.952729
0.859121
1.17775
0.848261
1.27865
0.988133
1.06749
1.10144
0.870679
0.94586
1.105
1.26035
0.879696
0.858753
1.2605
0.665581
1.09564
1.22932
0.908601
0.820952
1.04753
0.761752
1.30257
0.834014
1.26812
0.943678
1.07003
1.01381
0.502001
1.24196
0.9806
1.39411
0.802846
0.81201
1.02688
0.872441
1.26998
0.809006
1.20726
0.826905
1.07347
1.20277
0.731876
1.44212
0.801905
0.94163
0.9497
0.883662
1.2548
0.496458
1.20018
0.964767
1.19598
0.617704
1.22904
1.27481
0.633421
1.25798
0.803894
0.996856
1.11998
0.961761
0.933338
1.29223
0.822825
0.928772
0.961867
1.09634
1.05627
0.777344
1.34394
0.504362
1.31978
0.824897
0.821881
1.27529
0.946067
0.955181
1.37292
0.774421
1.03235
0.934441
1.23954
0.804729
0.738125
1.12449
0.933775
1.29383
0.818834
0.927482
0.926612
1.27515
0.80392
0.882931
1.26841
0.971973
0.918883
0.895581
0.815501
1.26435
0.949868
1.1093
1.25665
0.799409
0.6135
1.19396
0.714085
1.11196
0.939374
1.06115
1.1031
0.810922
0.992029
0.913072
1.30496
0.776376
0.880998
1.09025
1.03472
1.1015
0.930504
1.27585
0.893735
0.971384
1.41928
0.957081
0.50063
1.25503
0.9758
1.08338
1.10717
0.823217
0.976925
0.927949
1.08642
1.05902
0.855706
1.40359
0.524886
1.13026
1.45475
0.852045
1.21363
1.38909
1.28347
1.18828
1.14445
0.932018
1.22396
0.969954
0.970194
0.906413
0.931513
0.924259
1.29515
0.893371
0.932492
1.30791
0.876601
0.960618
0.927978
1.03473
1.09054
1.04274
0.816019
1.22942
0.732689
1.04104
1.12404
1.2522
0.92678
1.22279
0.832575
1.31403
0.575052
1.13463
1.18001
1.4029
1.1506
1.30013
1.36202
1.11474
0.812639
1.215
1.05443
1.01411
0.869241
1.23965
0.656675
1.07397
0.982157
1.00596
1.02412
0.739772
1.12225
1.12637
0.750628
1.26469
0.893551
0.875237
1.01877
0.816651
1.28428
0.928736
0.948138
0.975024
1.17291
0.954265
0.590409
1.32788
0.919276
1.49299
1.16837
1.25687
0.65816
1.28178
1.25679
0.558838
1.34486
0.894383
0.915801
1.29203
0.940339
0.805481
0.59334
1.2176
1.03831
0.900209
1.24137
0.575068
0.909306
1.14465
0.996728
0.943677
0.785699
1.10049
0.902388
1.37834
0.821403
0.947504
0.820842
1.37232
0.487322
1.27754
0.985394
1.36545
0.566417
0.912622
1.24114
0.809975
1.12275
1.24208
0.643178
1.23434
0.997428
0.939787
0.925524
0.903745
1.15383
1.00654
0.976647
1.27327
0.614151
1.25479
0.940305
0.8158
0.961758
1.04931
0.990901
1.24987
0.797198
0.943895
0.930052
1.02928
0.914409
2.19591
1.39588
1.1281
1.1182
1.16282
1.3738
1.10125
1.01228
1.4509
0.855962
1.11389
0.815926
1.65751
1.41178
1.14429
1.18237
1.01191
0.941522
1.35875
0.747968
1.14164
1.27496
1.16022
1.56966
0.870074
1.31068
1.03714
1.22457
0.951505
1.44954
1.1474
0.914618
0.954304
1.12303
1.21789
0.643337
1.18622
1.37703
0.944593
1.19081
1.11801
0.79486
1.11153
1.39805
1.15459
0.687374
1.33508
1.06182
1.30676
1.06488
1.38692
0.655061
1.31964
0.801168
1.40743
1.20107
0.689026
1.18406
1.33432
1.08236
1.33294
0.930359
0.797083
1.48135
1.05356
1.11381
1.39983
0.969912
1.14973
0.883008
1.17151
1.18983
1.19563
1.46147
0.949776
1.24918
1.08839
0.785365
1.16758
1.10221
0.905735
1.64268
1.18544
0.757967
1.39873
0.951769
1.14306
0.957294
1.10433
1.08031
0.807781
1.25328
1.27017
1.22064
1.05718
1.12443
1.2388
0.865057
1.29678
0.918098
1.6579
0.945902
1.03814
1.43511
1.1478
0.947764
0.830148
1.41521
0.855407
0.811357
1.32072
1.3038
0.920656
1.09597
0.931281
1.40995
1.13061
0.922688
1.28064
1.11191
1.35676
1.03359
1.22848
0.893903
1.09933
1.20223
1.32215
0.846425
1.0733
1.38995
0.871507
1.24681
1.14509
1.07699
1.1015
0.910598
1.08819
1.08707
1.20152
0.996283
1.42051
0.97072
0.964477
1.24312
1.05358
1.13678
1.16832
0.802854
1.15483
0.881386
1.35933
1.13257
0.997788
1.47621
0.82042
0.892148
1.08105
1.35483
1.00191
1.265
0.85928
1.18501
1.04823
1.13823
1.29197
0.722692
1.51668
0.75454
1.46174
0.705093
1.0941
1.4035
0.680617
1.17031
1.16087
0.886477
1.09328
1.43373
0.745142
1.42267
1.09499
0.748108
1.46967
1.16428
0.95172
1.18657
1.1093
1.36794
1.25484
0.800586
1.15329
1.21766
1.1682
0.685474
1.12531
1.45064
0.92142
0.936465
1.26895
0.936638
0.961367
1.15329
1.17818
0.947943
1.23547
1.41727
0.820701
0.799624
1.17125
0.880195
1.70592
0.936248
1.32185
0.959772
1.06439
1.27403
1.0918
1.39188
0.842494
0.897481
1.14155
1.27433
0.921406
1.09658
1.08818
1.10088
1.41731
0.825109
0.794699
1.16448
0.879869
1.34519
1.40049
1.17342
0.740316
1.35997
1.22463
1.13546
0.969641
0.952788
1.06663
1.14233
1.04339
1.14904
1.15463
1.15796
1.78146
0.943106
1.31005
1.06271
0.952503
1.16959
1.36595
1.09473
1.12231
1.59195
1.1074
1.52991
0.97864
1.3241
1.06394
1.47267
1.34676
1.08982
1.20628
1.30703
0.686229
1.23131
1.14341
1.03578
1.08906
1.1201
1.06351
1.01379
1.17164
1.06587
1.41687
0.880959
1.59613
0.822876
1.5508
1.23936
1.09924
1.24267
1.21759
1.03999
1.10599
0.764172
1.36555
1.41593
1.09833
1.16694
0.913374
1.37913
1.09729
0.688924
1.34158
1.12586
1.24906
0.840066
1.3145
1.11595
1.16545
0.906218
0.894851
1.01304
1.45982
1.30649
1.28485
1.60811
0.495807
1.44564
1.2731
0.68368
1.11618
1.14392
1.00682
1.27105
1.10599
1.31853
1.03029
1.55509
1.01376
0.678774
1.14603
0.960804
1.29103
0.965767
1.25699
1.08868
0.963647
1.27208
0.956484
1.43416
1.07043
1.10794
2.35215
1.14116
0.94346
0.827831
1.11913
1.12492
0.794046
0.979504
1.23381
0.792542
0.825869
0.992078
1.10995
0.967631
1.04123
1.14948
0.999857
0.786133
1.14642
1.00882
0.96569
1.17576
1.05444
1.09473
1.11835
0.910539
0.991394
0.816056
1.46213
1.03024
0.568244
1.33367
1.11115
0.946547
0.985007
0.93365
1.02618
0.754494
1.24929
1.16299
0.817484
0.727648
1.27882
0.646729
1.45953
1.09388
1.09193
0.610063
1.21897
0.763247
1.43016
0.874925
0.876948
0.804714
1.25534
0.7858
0.985223
1.3436
1.04048
1.12726
0.623766
1.05409
0.845741
0.949459
1.18529
0.813855
1.20959
0.830905
1.19175
0.872261
1.11647
0.946662
0.949949
1.00213
1.16302
0.639601
1.35312
0.991324
0.802969
0.985088
0.975121
1.00631
0.975337
1.22612
0.984434
0.812001
1.14883
0.975595
0.943273
1.07969
0.964083
1.06074
0.979709
1.07347
0.826414
1.13368
1.03621
0.780688
0.960391
1.28993
1.06557
0.817157
1.17876
1.02934
0.786498
0.994774
0.724946
1.286
1.15334
0.800912
0.725791
1.28577
1.01023
0.675377
1.50819
0.976308
1.15673
0.645874
1.25678
0.649372
0.934642
1.41501
0.608105
1.00584
1.06282
1.22181
0.78854
0.993536
0.783854
1.18177
0.841804
1.02603
1.12626
1.05145
0.788419
1.00125
0.994496
1.30927
0.926608
1.10734
0.74143
1.3928
0.613671
1.23107
0.744941
1.01061
0.821765
1.09919
1.4316
0.619474
0.762492
1.1964
1.06465
1.05399
0.783503
1.1423
0.974735
0.943581
0.951417
0.971755
0.941196
1.26664
1.0482
0.95346
0.744704
1.29362
1.08924
0.922691
0.778331
1.25298
0.929948
0.770876
1.29598
1.03057
0.636618
1.36092
1.07962
0.732715
0.910794
1.04126
1.09641
0.97144
1.00562
0.942282
0.978115
1.29439
1.04118
0.806318
1.23827
0.79279
0.943013
1.04005
0.726679
1.28972
0.985258
0.742328
1.27607
0.769677
0.942422
1.43941
0.593578
0.939566
1.01512
0.959526
1.15809
0.940809
0.965579
1.11445
1.19133
0.958836
1.03784
0.858816
1.10376
0.969851
1.05861
1.06084
0.957211
