0.35842
0.309139
0.479698
0.301517
0.483463
0.262058
0.418609
0.300821
0.451382
0.353754
0.416194
0.358256
0.387277
0.387254
0.438023
0.329913
0.360597
0.299568
0.544592
0.404742
0.366117
0.43932
0.371865
0.3116
0.475052
0.35973
0.419151
0.314015
0.471289
0.365001
0.31161
0.418921
0.362752
0.455276
0.355545
0.335474
0.354876
0.433789
0.301191
0.507258
0.251527
0.465036
0.425076
0.372426
0.426702
0.230892
0.492334
0.398298
0.375423
0.420151
0.363622
0.306832
0.457385
0.369762
0.312
0.423581
0.388555
0.447558
0.312042
0.490369
0.345817
0.314636
0.343525
0.425038
0.437945
0.41752
0.282408
0.429719
0.417071
0.363191
0.469437
0.20552
0.470351
0.397583
0.26397
0.454407
0.482485
0.1932
0.415928
0.522414
0.221249
0.329806
0.598689
0.321561
0.302442
0.417267
0.441615
0.323589
0.386836
0.319778
0.489077
0.429219
0.37467
0.300673
0.466278
0.366906
0.317638
0.508223
0.299729
0.343196
0.473141
0.31427
0.370902
0.418517
0.358689
0.370098
0.435019
0.475645
0.371773
0.305159
0.303815
0.57076
0.440678
0.239809
0.429009
0.383504
0.428062
0.412142
0.410796
0.357805
0.220674
0.484
0.433731
0.301225
0.377889
0.31841
0.492354
0.298601
0.53962
0.317519
0.317101
0.371022
0.435739
0.375976
0.394682
0.425219
0.357669
0.470587
0.367579
0.26635
0.497991
0.238908
0.485717
0.473945
0.31995
0.298369
0.401391
0.479671
0.250747
0.418853
0.33444
0.456294
0.399258
0.296047
0.455251
0.36273
0.402466
0.530449
0.267866
0.38414
0.357964
0.338797
0.474143
0.349158
0.394252
0.537653
0.221724
0.459066
0.365174
0.335694
0.482757
0.306363
0.367464
0.33136
0.454254
0.327171
0.493169
0.381119
0.411727
0.424823
0.335818
0.364815
0.426194
0.486111
0.339296
0.331218
0.48617
0.256712
0.422586
0.474143
0.350444
0.316638
0.404027
0.293805
0.502398
0.321676
0.489109
0.363973
0.412708
0.391023
0.19362
0.479018
0.378214
0.537702
0.309655
0.31319
0.396065
0.336498
0.489827
0.312031
0.465637
0.318934
0.414034
0.463903
0.282282
0.556222
0.309292
0.363183
0.366296
0.340825
0.48397
0.191482
0.462905
0.372107
0.461284
0.238246
0.474038
0.49169
0.244308
0.485199
0.310059
0.384484
0.431971
0.370948
0.359985
0.498407
0.317361
0.358224
0.370989
0.422856
0.4074
0.299819
0.518352
0.194531
0.509033
0.31816
0.316997
0.491876
0.364895
0.36841
0.529532
0.298692
0.398172
0.360411
0.478087
0.310381
0.284692
0.433711
0.360154
0.499026
0.315822
0.357727
0.357391
0.491819
0.310069
0.340543
0.48922
0.374887
0.35441
0.345422
0.314536
0.487655
0.366361
0.427852
0.484685
0.308329
0.236625
0.460505
0.27542
0.428879
0.362313
0.409284
0.425462
0.31277
0.382622
0.352169
0.503319
0.299446
0.339798
0.420506
0.39909
0.424846
0.358892
0.492089
0.344711
0.374659
0.547413
0.369143
0.193091
0.484061
0.376363
0.417858
0.42703
0.317512
0.376796
0.357907
0.419029
0.40846
0.330043
0.541361
0.202447
0.435938
0.561093
0.328631
0.468093
0.535767
0.495028
0.458316
0.441409
0.359476
0.472076
0.374108
0.3742
0.3496
0.359281
0.356483
0.499536
0.34457
0.359659
0.504455
0.338102
0.370507
0.357918
0.39909
0.420616
0.402179
0.314736
0.474181
0.282596
0.401525
0.433538
0.48297
0.357456
0.471625
0.321121
0.506819
0.221795
0.437624
0.455124
0.541093
0.443782
0.501455
0.525325
0.429953
0.313432
0.468623
0.406689
0.391137
0.335263
0.478127
0.253277
0.414227
0.378815
0.387994
0.394999
0.285328
0.43285
0.434436
0.289515
0.487788
0.344639
0.337576
0.392934
0.314979
0.495344
0.35821
0.365694
0.376063
0.452388
0.368057
0.227719
0.51216
0.354562
0.575841
0.450636
0.484772
0.25385
0.494377
0.48474
0.215542
0.518707
0.34496
0.353221
0.498333
0.362686
0.310671
0.228849
0.469626
0.400474
0.347208
0.478793
0.221802
0.350716
0.441488
0.384435
0.363973
0.303041
0.424454
0.348048
0.531622
0.316812
0.365449
0.316596
0.529298
0.187958
0.492744
0.380063
0.526651
0.218465
0.351995
0.478703
0.312405
0.433039
0.479067
0.248071
0.47608
0.384704
0.362473
0.356971
0.348571
0.445027
0.388219
0.376689
0.491096
0.236876
0.483967
0.362673
0.314651
0.370947
0.404715
0.382187
0.482071
0.307476
0.364057
0.358718
0.396989
0.352684
0.846954
0.538385
0.435106
0.431287
0.448494
0.529869
0.424747
0.390433
0.559607
0.330142
0.429624
0.3147
0.639297
0.54452
0.44135
0.456037
0.390289
0.363142
0.524066
0.288489
0.440326
0.491746
0.447494
0.605414
0.335585
0.505524
0.400021
0.472311
0.366992
0.559081
0.442549
0.352765
0.368072
0.433148
0.469736
0.248133
0.457521
0.531115
0.364326
0.459291
0.431213
0.306575
0.428714
0.539223
0.445321
0.265118
0.514937
0.40954
0.504013
0.410719
0.534929
0.252655
0.508979
0.309008
0.542841
0.46325
0.265755
0.456688
0.514642
0.417463
0.514109
0.358836
0.307432
0.571352
0.406355
0.429592
0.539909
0.374092
0.443448
0.340573
0.451846
0.458914
0.461152
0.563684
0.366325
0.481804
0.41979
0.302912
0.450333
0.425119
0.349339
0.633577
0.457219
0.292345
0.539484
0.367094
0.440873
0.369225
0.425936
0.416671
0.311558
0.483385
0.4899
0.470798
0.40775
0.433688
0.477802
0.33365
0.500163
0.354107
0.639446
0.364831
0.400408
0.553516
0.442703
0.365549
0.320185
0.545841
0.329928
0.312938
0.509397
0.502872
0.355094
0.422713
0.359192
0.543813
0.436074
0.355878
0.493938
0.428861
0.523299
0.398653
0.47382
0.344775
0.424007
0.463696
0.509949
0.326463
0.413968
0.536099
0.336137
0.480891
0.441656
0.415391
0.424846
0.351215
0.419712
0.419281
0.463422
0.384263
0.547885
0.374403
0.371996
0.479467
0.406363
0.438451
0.450617
0.309658
0.445412
0.339948
0.524289
0.436828
0.384844
0.569367
0.316433
0.344099
0.416959
0.522553
0.386431
0.487908
0.331421
0.457054
0.404299
0.439012
0.498307
0.27874
0.584979
0.291023
0.563788
0.271952
0.42199
0.541324
0.262512
0.451384
0.447744
0.341911
0.421673
0.552983
0.287399
0.548719
0.422334
0.288543
0.566845
0.449058
0.367075
0.457654
0.427855
0.52761
0.483987
0.308783
0.444818
0.469646
0.450572
0.264385
0.434027
0.559505
0.355388
0.361191
0.48943
0.361258
0.370796
0.44482
0.454419
0.365618
0.476518
0.546636
0.316541
0.308412
0.451747
0.339488
0.657968
0.361107
0.509832
0.370181
0.410531
0.491387
0.421103
0.536843
0.324947
0.346155
0.440293
0.491504
0.355383
0.422945
0.419708
0.424606
0.546653
0.318242
0.306513
0.449137
0.339362
0.518834
0.540166
0.452584
0.285537
0.524537
0.472335
0.437944
0.373987
0.367487
0.411394
0.440593
0.402433
0.44318
0.445338
0.446619
0.687103
0.363753
0.50528
0.409885
0.367377
0.451107
0.52684
0.422232
0.432872
0.614008
0.427119
0.590083
0.377458
0.510702
0.410359
0.568002
0.519439
0.420338
0.46526
0.504117
0.264676
0.474911
0.441008
0.399496
0.420048
0.432021
0.410193
0.391015
0.451898
0.411102
0.546483
0.339783
0.615623
0.317381
0.598137
0.478017
0.423972
0.479293
0.46962
0.40112
0.426577
0.294739
0.526688
0.546118
0.423624
0.450084
0.352285
0.531925
0.423222
0.265716
0.517443
0.434239
0.481757
0.32401
0.506999
0.430419
0.449509
0.349525
0.345141
0.390727
0.563046
0.503909
0.495561
0.620244
0.191231
0.55758
0.491031
0.263693
0.430505
0.441205
0.388327
0.490239
0.426575
0.508551
0.397378
0.599792
0.391005
0.261801
0.442021
0.370579
0.497947
0.372493
0.484818
0.419899
0.371675
0.490635
0.368913
0.553151
0.412862
0.427327
0.907215
0.44014
0.363889
0.319292
0.431645
0.433876
0.306261
0.377791
0.475877
0.305681
0.318535
0.382641
0.428102
0.373212
0.4016
0.443351
0.385641
0.303209
0.442169
0.389097
0.372463
0.453488
0.406693
0.422232
0.431343
0.351192
0.382377
0.31475
0.563939
0.397358
0.21917
0.514391
0.428565
0.36508
0.379914
0.360105
0.395795
0.291006
0.481845
0.448562
0.315301
0.280651
0.493237
0.249441
0.562935
0.421907
0.421155
0.235299
0.470151
0.294382
0.551606
0.337455
0.338236
0.310375
0.484179
0.30308
0.379997
0.518221
0.401308
0.434781
0.240584
0.406559
0.326199
0.366203
0.457162
0.313901
0.466533
0.320477
0.459654
0.336428
0.430619
0.365124
0.366392
0.386516
0.448573
0.246692
0.521894
0.38235
0.309702
0.379945
0.376101
0.388129
0.376184
0.472911
0.379693
0.313186
0.4431
0.376284
0.363817
0.416434
0.371843
0.409123
0.37787
0.414035
0.318745
0.437258
0.399663
0.301109
0.370419
0.497521
0.410987
0.315175
0.454645
0.397015
0.30335
0.383681
0.279609
0.496005
0.444841
0.308909
0.279935
0.495915
0.389641
0.260491
0.581705
0.376559
0.446147
0.249111
0.484737
0.250461
0.360488
0.545764
0.234544
0.387949
0.409926
0.471246
0.304137
0.383203
0.30233
0.455804
0.324681
0.395736
0.434394
0.405542
0.304091
0.386179
0.383574
0.504982
0.35739
0.427098
0.285967
0.537197
0.236691
0.474821
0.287321
0.38979
0.316952
0.423952
0.552161
0.238929
0.29409
0.461448
0.410631
0.406522
0.302195
0.440583
0.375952
0.363936
0.366958
0.374802
0.363016
0.48854
0.404286
0.367746
0.28723
0.498945
0.420114
0.355879
0.3002
0.483268
0.358678
0.297324
0.499855
0.397488
0.245541
0.524903
0.416405
0.282606
0.35129
0.401612
0.422882
0.374681
0.387864
0.363435
0.377255
0.499243
0.40158
0.310994
0.477595
0.305776
0.363717
0.401144
0.280278
0.497439
0.380011
0.286313
0.492175
0.296862
0.363489
0.555174
0.228941
0.362387
0.391528
0.370086
0.446672
0.362867
0.37242
0.429838
0.459494
0.36982
0.400293
0.331243
0.425715
0.374068
0.408301
0.409162
0.369193
