0.200504
0.188978
0.18832
0.188423
0.18987
0.187422
0.188407
0.188485
0.191413
0.185705
0.188269
0.188335
0.191484
0.185668
0.190122
0.188963
0.191343
0.185713
0.238016
0.188334
0.188496
0.192123
0.185738
0.188236
0.188425
0.191525
0.186246
0.189791
0.189505
0.189621
0.187309
0.189906
0.188076
0.188395
0.188949
0.18818
0.188195
0.188599
0.191434
0.186255
0.188266
0.188525
0.191524
0.185855
0.188178
0.188581
0.192125
0.185791
0.188117
0.188455
0.191512
0.18577
0.188879
0.188909
0.190348
0.186289
0.190193
0.1891
0.188612
0.188018
0.189509
0.188352
0.188638
0.190021
0.18711
0.236784
0.188265
0.188578
0.189369
0.187693
0.188173
0.188415
0.191084
0.185957
0.188212
0.188652
0.191299
0.185594
0.188897
0.188471
0.191404
0.185807
0.188188
0.188531
0.19138
0.185629
0.18892
0.188925
0.190321
0.186404
0.190063
0.18945
0.188554
0.189717
0.188766
0.18812
0.18955
0.190603
0.186597
0.188362
0.188535
0.191529
0.185603
0.188111
0.188449
0.191721
0.18565
0.188166
0.188873
0.192177
0.185646
0.188385
0.235621
0.190293
0.191492
0.185721
0.188156
0.188947
0.191202
0.185771
0.189816
0.1888
0.189432
0.187895
0.189847
0.188252
0.18849
0.189198
0.187877
0.188168
0.188538
0.191064
0.186172
0.188152
0.188512
0.191474
0.185712
0.188437
0.188412
0.191521
0.185903
0.18886
0.18854
0.191507
0.186093
0.188812
0.188896
0.190363
0.186314
0.190184
0.188829
0.188497
0.188186
0.188937
0.188837
0.18859
0.190073
0.186953
0.206145
0.236331
0.190255
0.191526
0.185645
0.188202
0.188494
0.191448
0.185796
0.188365
0.188498
0.191565
0.185634
0.191773
0.189747
0.189409
0.187378
0.189521
0.188249
0.193888
0.191414
0.187701
0.188258
0.188534
0.191476
0.185753
0.188321
0.191914
0.191619
0.185676
0.188293
0.18855
0.191708
0.185795
0.189538
0.188795
0.192129
0.190184
0.189521
0.192007
0.192771
0.191396
0.257163
0.185665
0.188136
0.189519
0.191469
0.185696
0.270136
0.235709
0.233755
0.188323
0.188547
0.191441
0.185785
0.188326
0.188737
0.191165
0.186176
0.190301
0.188917
0.189396
0.187428
0.189596
0.188193
0.188614
0.189362
0.187876
0.188172
0.188389
0.191097
0.186053
0.188173
0.18849
0.191386
0.185629
0.188993
0.188523
0.191504
0.185796
0.188698
0.188634
0.191446
0.185653
0.189038
0.189056
0.190213
0.18652
0.189988
0.189245
0.188501
0.188757
0.188709
0.188067
0.195242
0.230474
0.187855
0.189203
0.188217
0.188567
0.18942
0.188011
0.188273
0.188628
0.191645
0.185689
0.188274
0.188495
0.192083
0.185697
0.188239
0.188601
0.191387
0.185652
0.188177
0.188788
0.191491
0.185796
0.189519
0.188782
0.18978
0.18752
0.189979
0.188399
0.188543
0.188717
0.188302
0.188268
0.188492
0.190646
0.186535
0.188278
0.188483
0.191471
0.185744
0.188264
0.188469
0.191477
0.185904
0.188831
0.18857
0.191553
0.237362
0.185627
0.188258
0.188465
0.191424
0.185813
0.188145
0.188571
0.191345
0.18572
0.190218
0.188838
0.189431
0.187319
0.189819
0.188144
0.18857
0.188888
0.188027
0.188306
0.188494
0.190752
0.186369
0.188221
0.188479
0.191443
0.185593
0.190047
0.188521
0.192102
0.185759
0.188234
0.188456
0.191398
0.185726
0.190629
0.188652
0.190167
0.186591
0.19007
0.188694
0.188476
0.202229
0.186281
0.188227
0.188444
0.191461
0.236274
0.186855
0.188176
0.188439
0.191832
0.185695
0.18823
0.188523
0.191501
0.185722
0.188207
0.188464
0.1914
0.186442
0.188285
0.18891
0.191023
0.185656
0.19002
0.188976
0.189423
0.187452
0.189639
0.188094
0.18857
0.189147
0.188413
0.188656
0.188672
0.191142
0.185926
0.188204
0.188429
0.191495
0.18565
0.188236
0.188585
0.191397
0.185605
0.18831
0.188465
0.191405
0.185655
0.211485
0.189019
0.188466
0.190734
0.232489
0.190969
0.188155
0.188653
0.190083
0.187004
0.188256
0.188607
0.191291
0.185842
0.188689
0.188647
0.191483
0.187038
0.188461
0.188558
0.191486
0.186064
0.188393
0.188794
0.19085
0.185732
0.190226
0.188834
0.189337
0.187779
0.189386
0.188859
0.188453
0.190585
0.187455
0.188028
0.188458
0.191379
0.18552
0.188282
0.188877
0.191402
0.18579
0.188204
0.188676
0.191447
0.186196
0.188162
0.188426
0.191477
0.185853
0.189331
0.18881
0.189918
0.186774
0.190071
0.188631
0.188509
0.188515
0.188511
0.188195
0.188566
0.190509
0.186691
0.188934
0.188513
0.191397
0.186088
0.188328
0.188453
0.191361
0.185697
0.188221
0.188547
0.191478
0.18568
0.188255
0.188875
0.192015
0.185916
0.190051
0.188844
0.189039
0.187832
0.189395
0.188316
0.188588
0.189506
0.187651
0.1882
0.18855
0.191371
0.185847
0.188239
0.188857
0.193116
0.18643
0.188262
0.188608
0.191511
0.185616
0.188303
0.190207
0.191162
0.185726
0.190019
0.188746
0.1893
0.187296
0.19021
0.188202
0.188611
0.189218
0.187833
0.188155
0.188527
0.191262
0.186045
0.188246
0.188765
0.191346
0.185812
0.188273
0.188583
0.191482
0.18656
0.188746
0.188452
0.192229
0.185708
0.189518
0.188833
0.189934
0.189517
0.189889
0.188393
0.188492
0.189254
0.188064
0.18823
0.188543
0.191772
0.186175
0.188354
0.188595
0.191398
0.185732
0.188363
0.188455
0.191514
0.185743
0.18822
0.188477
0.191546
0.185629
0.188874
0.188784
0.190501
0.186298
0.191027
0.188813
0.188529
0.188213
0.188994
0.188256
0.188566
0.190249
0.187011
0.188096
0.188557
0.191382
0.185724
0.188241
0.189219
0.191468
0.18562
0.18801
0.188558
0.191492
0.185758
0.188161
0.188648
0.191427
0.18566
0.190228
0.188838
0.189599
0.187324
0.189874
0.188142
0.188674
0.195427
0.187046
0.188135
0.18851
0.191581
0.185729
0.188312
0.188891
0.191472
0.185767
0.188287
0.188517
0.191456
0.186208
0.188153
0.188878
0.191254
0.185705
0.190087
0.188718
0.189368
0.187457
0.189763
0.18815
0.18853
0.18924
0.188072
0.188392
0.188485
0.191181
0.186137
0.188211
0.189282
0.19156
0.18569
0.188242
0.188512
0.191483
0.185746
0.188236
0.188499
0.191536
0.185555
0.211637
0.188294
0.189239
0.190935
0.186311
0.188208
0.188656
0.19152
0.185793
0.188144
0.188465
0.191303
0.185807
0.188251
0.188631
0.191324
0.185659
0.188441
0.189132
0.191552
0.187155
0.190003
0.188794
0.188671
0.188136
0.188836
0.188983
0.188436
0.190102
0.187071
0.18822
0.188502
0.19163
0.186309
0.188223
0.188561
0.191436
0.18575
0.188323
0.188593
0.191445
0.185603
0.188351
0.188916
0.191349
0.185672
0.189948
0.188831
0.190708
0.187709
0.189618
0.188569
0.189191
0.189631
0.187435
0.18827
0.188572
0.1915
0.185596
0.188247
0.188526
0.191493
0.185685
0.188339
0.18843
0.191989
0.185689
0.188207
0.189808
0.191659
0.185659
0.189596
0.188699
0.189845
0.186871
0.190145
0.188348
0.188439
0.188863
0.188358
0.188332
0.188642
0.190481
0.187264
0.18819
0.188533
0.191645
0.185576
0.188209
0.188487
0.191423
0.185785
0.188258
0.188608
0.191583
0.185726
0.188677
0.189784
0.190598
0.186141
0.189999
0.188921
0.188875
0.188116
0.189147
0.188313
0.188503
0.189767
0.187321
0.188238
0.18862
0.191749
0.186142
0.188143
0.188533
0.192087
0.185661
0.188309
0.1885
0.191414
0.185716
0.188207
0.188715
0.19162
0.185825
0.189807
0.18889
0.189539
0.187797
0.190001
0.188204
0.188511
0.189078
0.18815
0.188234
0.18846
0.190971
0.186762
0.188307
0.188455
0.191358
0.185677
0.188315
0.188425
0.191427
0.185588
0.188232
0.189292
0.191573
0.186164
0.188889
0.188931
0.190437
0.186372
0.190225
0.188764
0.188529
0.188231
0.189003
0.188197
0.189033
0.190132
0.187148
0.188226
0.188472
0.19144
0.185986
0.188295
0.188463
0.191387
0.185687
0.188249
0.188649
0.191613
0.185703
0.18828
0.188975
0.191309
0.186361
0.190039
0.18884
0.189208
0.187381
0.189782
0.188793
0.188412
0.189358
0.187862
0.188083
0.188372
0.19109
0.213492
0.189955
0.188798
0.190017
0.186669
0.190018
0.188618
0.261619
0.230192
0.191166
0.187839
0.189225
0.188254
0.188511
0.189689
0.187463
0.188179
0.188415
0.19206
0.185794
0.188238
0.188624
0.191485
0.188074
0.188181
0.188436
0.191454
0.185689
0.188154
0.188559
0.191217
0.185616
0.190639
0.188976
0.189423
0.187636
0.189629
0.188362
0.188469
0.18945
0.187823
0.188201
0.188487
0.191026
0.186217
0.188287
0.188599
0.191552
0.185695
0.188147
0.188999
0.191615
0.185688
0.188105
0.188443
0.191475
0.185643
0.188848
0.188913
0.190495
0.186383
0.190165
0.188859
0.189076
0.188587
0.188872
0.188159
0.188621
0.19005
0.186981
0.188214
0.188475
0.191576
0.185589
0.188652
0.188419
0.191725
0.185656
0.188188
0.188524
0.191459
0.18572
0.188845
0.188677
0.191286
0.185683
0.189885
0.188855
0.18977
0.187444
0.189764
0.188194
0.188444
0.189101
0.188103
0.188822
0.188505
0.191106
0.186133
0.188211
0.188665
0.191404
0.185688
0.188256
0.188472
0.191457
0.185613
0.18834
0.18847
0.191406
0.185635
0.188809
0.188836
0.191143
0.18667
0.190093
0.188913
0.188585
0.188321
0.189015
0.188216
0.188488
0.189988
0.187099
0.188263
0.18867
0.191946
0.185703
0.188225
0.188473
0.191458
0.185744
0.188219
0.188461
0.191451
0.18565
0.188193
0.188697
0.191424
0.185665
0.18969
0.188835
0.189581
0.189453
0.189636
0.188657
0.188474
0.189295
0.187782
0.193631
0.189908
0.19147
0.18561
0.188197
0.188487
0.191509
0.185716
0.188201
0.189369
0.191528
0.185653
0.18891
0.188761
0.190594
0.186063
0.18999
0.1889
0.189352
0.187954
0.189113
0.188231
0.188488
0.189717
0.187455
0.188216
0.188455
0.194455
0.185771
0.188224
0.188691
0.19138
0.185703
0.188189
0.188314
0.191477
