0.334253
0.276533
0.262493
0.263418
0.269941
0.270873
0.270154
0.262173
0.270782
0.271184
0.275673
0.276165
0.27368
0.278567
0.267511
0.274471
0.272684
0.278476
0.277151
0.272313
0.281911
0.270212
0.27278
0.273742
0.27703
0.276249
0.270062
0.283326
0.268629
0.271553
0.274819
0.277052
0.276178
0.26822
0.284471
0.269044
0.268988
0.276512
0.276439
0.276078
0.267686
0.28583
0.271361
0.270641
0.278239
0.279557
0.277507
0.269662
0.286154
0.269497
0.270257
0.276984
0.27865
0.276247
0.268593
0.285081
0.269874
0.269429
0.276315
0.278358
0.27672
0.268076
0.282588
0.270168
0.270757
0.278832
0.28108
0.278299
0.270115
0.284543
0.272099
0.271044
0.276917
0.278616
0.27694
0.269189
0.282027
0.271072
0.271679
0.277437
0.2773
0.276301
0.268883
0.280375
0.27052
0.272893
0.276031
0.277344
0.277807
0.268288
0.278694
0.270911
0.278083
0.280536
0.280464
0.280363
0.271785
0.282569
0.276479
0.274986
0.279302
0.281068
0.279296
0.27283
0.284924
0.274016
0.272349
0.279038
0.28042
0.27972
0.272349
0.287504
0.272323
0.272217
0.278857
0.279429
0.278318
0.271677
0.287531
0.271289
0.272721
0.280724
0.282592
0.279632
0.272837
0.287722
0.272413
0.275065
0.277454
0.279503
0.278306
0.274029
0.285008
0.271662
0.276189
0.275145
0.279916
0.27856
0.274901
0.283066
0.270717
0.277009
0.273316
0.279334
0.278547
0.27551
0.282026
0.271664
0.277318
0.273466
0.27867
0.278326
0.275923
0.281952
0.272894
0.280931
0.277426
0.280199
0.280598
0.281083
0.279045
0.272369
0.285537
0.273296
0.274272
0.280229
0.280099
0.279033
0.271942
0.286051
0.272954
0.273686
0.278678
0.280199
0.27968
0.271682
0.287965
0.275216
0.364021
0.313694
0.313902
0.297259
0.29595
0.296178
0.295686
0.294873
0.296681
0.29336
0.290077
0.293719
0.284145
0.299692
0.282027
0.284023
0.28695
0.288864
0.288438
0.288325
0.288253
0.279287
0.295051
0.278819
0.281442
0.284718
0.290644
0.287431
0.287662
0.289102
0.286907
0.301186
0.282885
0.288608
0.286511
0.28739
0.288815
0.288975
0.295307
0.292253
0.300155
0.286896
0.301597
0.285289
0.288293
0.288688
0.291119
0.290092
0.291352
0.289719
0.281198
0.298173
0.287229
0.295345
0.28933
0.288415
0.290902
0.291212
0.29029
0.289679
0.292349
0.281399
0.298104
0.281791
0.282224
0.288426
0.292106
0.291249
0.291134
0.290687
0.281268
0.297647
0.28201
0.289162
0.285636
0.286918
0.288474
0.288774
0.288683
0.280511
0.297986
0.280058
0.287711
0.287259
0.287581
0.288474
0.289216
0.289102
0.281492
0.294634
0.280506
0.314529
0.29918
0.300444
0.297931
0.296076
0.296978
0.298824
0.295791
0.295905
0.294636
0.286681
0.301852
0.285387
0.297476
0.297131
0.292488
0.296566
0.298934
0.295372
0.295457
0.295486
0.292399
0.299521
0.287819
0.302781
0.285754
0.289711
0.290251
0.292958
0.292383
0.292735
0.292293
0.285561
0.297193
0.283442
0.296978
0.285964
0.283914
0.290292
0.290613
0.289694
0.291787
0.290925
0.281144
0.297669
0.28479
0.289738
0.287717
0.291486
0.290386
0.295917
0.291647
0.287419
0.297319
0.282282
0.29752
0.284792
0.282388
0.289364
0.291996
0.289782
0.288868
0.289988
0.28083
0.296944
0.281365
0.282507
0.289564
0.292057
0.290793
0.292612
0.290245
0.28174
0.299106
0.281172
0.288232
0.285463
0.289175
0.288707
0.289174
0.288494
0.281145
0.2958
0.280121
0.290358
0.289392
0.286537
0.290952
0.292926
0.291104
0.288487
0.294262
0.281986
0.297894
0.281854
0.286588
0.287516
0.28945
0.290579
0.291569
0.290448
0.283138
0.299446
0.280841
0.287597
0.285495
0.288184
0.288634
0.290206
0.291082
0.2822
0.296759
0.281568
0.291078
0.285418
0.283486
0.288519
0.288707
0.28813
0.282586
0.294984
0.283008
0.293991
0.286306
0.282535
0.288928
0.290237
0.289404
0.286534
0.290965
0.281644
0.295063
0.281378
0.281471
0.287515
0.288259
0.287865
0.285882
0.290428
0.279175
0.293155
0.280688
0.279529
0.286735
0.28709
0.286431
0.283097
0.289767
0.278452
0.290497
0.281697
0.280903
0.287757
0.288846
0.288514
0.284603
0.294006
0.279452
0.290874
0.282325
0.280307
0.286001
0.286828
0.285885
0.280201
0.293218
0.278346
0.286923
0.281315
0.282671
0.285271
0.28641
0.285872
0.279129
0.293598
0.280485
0.285693
0.282487
0.286674
0.2861
0.287389
0.286595
0.278207
0.29413
0.278193
0.28092
0.282894
0.286421
0.284806
0.285473
0.285989
0.277742
0.291788
0.279435
0.278168
0.284623
0.285574
0.285554
0.280229
0.290281
0.277111
0.285612
0.28134
0.282749
0.285121
0.28597
0.284798
0.280217
0.297133
0.281235
0.286698
0.283207
0.285309
0.286854
0.287045
0.291685
0.287366
0.301265
0.282617
0.292949
0.286715
0.283439
0.289386
0.289721
0.289263
0.284928
0.29188
0.297138
0.4155
0.322368
0.311517
0.306112
0.305657
0.293825
0.309203
0.290622
0.306023
0.290616
0.536361
0.444637
0.321259
0.327905
0.308572
0.307101
0.303997
0.297661
0.300281
0.29928
0.29747
0.299233
0.29551
0.291135
0.300822
0.287157
0.301703
0.285611
0.292587
0.292073
0.294047
0.293533
0.295516
0.292436
0.288276
0.29689
0.283285
0.298281
0.284058
0.28561
0.28889
0.290586
0.289794
0.289933
0.28913
0.281002
0.29847
0.280181
0.284828
0.28476
0.289298
0.287846
0.293775
0.292495
0.282603
0.298837
0.282453
0.292277
0.286065
0.285128
0.290476
0.290726
0.289318
0.287049
0.294236
0.280908
0.293958
0.283596
0.281308
0.288652
0.28923
0.288324
0.28591
0.290275
0.280519
0.35428
0.320737
0.320366
0.29802
0.310507
0.291491
0.299666
0.298925
0.294994
0.298551
0.298641
0.295586
0.296856
0.295813
0.288257
0.298755
0.285479
0.298677
0.28569
0.285409
0.290371
0.290551
0.289689
0.291802
0.289924
0.280616
0.297163
0.280418
0.284166
0.289607
0.298412
0.294134
0.293602
0.292157
0.28903
0.296206
0.282258
0.297948
0.283934
0.282306
0.289541
0.291919
0.289334
0.28963
0.28827
0.280017
0.296445
0.279496
0.283184
0.285781
0.288891
0.287851
0.28962
0.287525
0.279636
0.302249
0.283094
0.286823
0.286353
0.291751
0.289306
0.292631
0.29011
0.282268
0.297227
0.280847
0.291297
0.284717
0.283591
0.287852
0.291395
0.29113
0.285534
0.295563
0.281045
0.293592
0.28459
0.282935
0.287399
0.288175
0.287663
0.284165
0.290601
0.28231
0.297034
0.282868
0.28101
0.287828
0.28839
0.287607
0.285217
0.290258
0.279008
0.292161
0.281186
0.280102
0.285957
0.286853
0.286323
0.282355
0.290402
0.277904
0.2885
0.281092
0.281009
0.28592
0.286303
0.285206
0.277856
0.293356
0.277266
0.283411
0.279894
0.284733
0.285487
0.384074
0.317143
0.312459
0.307633
0.305692
0.301707
0.300894
0.299479
0.292946
0.302451
0.288437
0.304146
0.286622
0.289618
0.290585
0.294257
0.292342
0.292688
0.292064
0.285507
0.296673
0.286758
0.305109
0.288637
0.291086
0.290868
0.293442
0.292443
0.292888
0.292897
0.284882
0.297933
0.282505
0.293983
0.286516
0.284507
0.289795
0.289554
0.289218
0.288524
0.291431
0.280532
0.29683
0.281363
0.280866
0.28779
0.288928
0.289305
0.296232
0.29241
0.284536
0.300703
0.28409
0.294019
0.287936
0.287167
0.290536
0.292198
0.289593
0.284733
0.300104
0.292162
0.304321
0.286973
0.294631
0.289814
0.29067
0.292436
0.292729
0.291
0.288286
0.297196
0.282472
0.296437
0.284749
0.290284
0.291517
0.293135
0.291413
0.291455
0.290604
0.283495
0.298948
0.281816
0.288983
0.285302
0.287115
0.288691
0.290677
0.291398
0.284106
0.295867
0.281807
0.29279
0.285064
0.283207
0.288403
0.288906
0.288182
0.285469
0.292115
0.279371
0.291644
0.283074
0.279992
0.28723
0.291218
0.289112
0.285179
0.291665
0.281365
0.293005
0.28416
0.281033
0.310996
0.304338
0.300091
0.301367
0.298069
0.297014
0.296897
0.287877
0.30309
0.286834
0.298594
0.289642
0.285954
0.292056
0.299264
0.295236
0.294991
0.294977
0.285339
0.301375
0.285126
0.296568
0.290362
0.288263
0.292871
0.292245
0.291179
0.293619
0.29222
0.28287
0.298822
0.282767
0.288325
0.28708
0.290086
0.289735
0.28986
0.289188
0.283682
0.297037
0.280863
0.292226
0.285243
0.283575
0.288432
0.292305
0.290912
0.286373
0.293555
0.281046
0.294088
0.284177
0.281361
0.288334
0.288753
0.289382
0.287874
0.290143
0.279449
0.294304
0.281325
0.280227
0.286663
0.288866
0.286703
0.2853
0.290043
0.281872
0.297787
0.28264
0.283378
0.288055
0.288896
0.28888
0.288041
0.287772
0.279494
0.296413
0.279124
0.280356
0.287002
0.289398
0.286684
0.286009
0.289926
0.282722
0.298335
0.28187
0.287559
0.286822
0.336794
0.324588
0.307829
0.303938
0.302815
0.299271
0.297791
0.29576
0.297393
0.30419
0.289332
0.306504
0.287867
0.294129
0.29138
0.291419
0.293362
0.295179
0.295688
0.294801
0.292913
0.284413
0.301415
0.283868
0.289933
0.287854
0.290429
0.290401
0.290843
0.290857
0.287304
0.298217
0.284988
0.300076
0.285041
0.284508
0.289794
0.291832
0.289975
0.291993
0.291018
0.281519
0.297901
0.281291
0.288581
0.285215
0.288263
0.288666
0.288873
0.287882
0.281206
0.297369
0.279495
0.28673
0.283289
0.285194
0.287033
0.287562
0.287293
0.278717
0.29464
0.280717
0.287631
0.284202
0.287245
0.287298
0.288647
0.288373
0.281279
0.295874
0.279003
0.285354
0.28278
0.284958
0.286142
0.286881
0.286795
0.391528
0.313622
0.307261
0.301848
0.297578
0.301454
0.290728
0.31354
0.293258
0.304439
0.292875
0.292274
0.296012
0.296746
0.29487
0.296773
0.293431
0.288807
0.297569
0.28524
0.30011
0.28487
0.286381
0.289065
0.290569
0.289895
0.291145
0.289463
0.281088
0.298631
0.280499
0.28579
