8 16 20
16 16 20
32 16 23
64 16 49
128 16 51
256 16 51
512 16 41
1024 16 41
2048 16 41
4096 16 57
8192 16 101
16384 16 106
32768 16 108
8 64 20
16 64 20
32 64 20
64 64 49
128 64 54
256 64 70
512 64 93
1024 64 90
2048 64 88
4096 64 140
8192 64 300
16384 64 388
32768 64 404
8 256 23
16 256 20
32 256 20
64 256 44
128 256 38
256 256 98
512 256 114
1024 256 106
2048 256 101
4096 256 155
8192 256 331
16384 256 404
32768 256 417
8 1024 23
16 1024 20
32 1024 20
64 1024 25
128 1024 38
256 1024 77
512 1024 103
1024 1024 134
2048 1024 124
4096 1024 160
8192 1024 251
16384 1024 404
32768 1024 513
