443937
1044.14
1022.53
1015.77
1024.21
1028.14
1026.88
997.613
1002.45
1022.47
1020.37
1005.91
1008.44
1021.8
1021.86
1000.27
996.142
1019.35
1017.2
1001.42
1006.4
1020.29
1021.03
998.864
1009.35
1026.46
1015.48
1003.65
1002.27
1020.21
1025.44
1002.76
999.212
1021.74
1015.82
1005.67
1002.95
1020.26
1026.82
1004.28
998.746
1023.47
1014.67
1004.24
998.284
1013.51
1023.94
1003.59
999.877
1024.73
1019.1
1008.15
999.449
1014.82
1029.06
1010.02
1003.77
1018.92
1016.34
1009.55
998.04
1019.36
1020.83
1008.64
1003.41
1016.6
1015.05
1013.76
998.097
1009.04
1666.54
1088.98
1082.9
1110.48
1028.36
1022.87
1036.69
1035.56
1008.56
1002.88
1061.35
1037.96
1029.23
1004.49
1009.75
1026.91
1019.44
1016.47
1020.5
1032.8
1033.83
1010.55
2008.4
1070.88
1785.53
1080.65
1028.75
1042.92
1043.68
1031.16
1013.05
1004.81
1026.53
1020.14
1005.65
1007.89
1022.68
1025.08
1004.1
999.628
1023.53
1014.11
1003.4
1003.76
1024.58
1025.07
1005.98
1002.61
1028.1
1017.71
1005.84
999.524
1029.12
1026.15
1007.56
1002.43
1020.12
1017.88
1008.89
998.23
1016.23
1028.04
1012.01
1002.46
1018.43
1016.12
1010.79
998.612
1010.37
1019.99
1009.2
1002.93
1015.76
1014.18
1010.89
996.416
1010.12
1016.73
1010.56
999.932
1015.22
1014.85
1012.99
998.237
1007.63
1016.61
1012.28
1003.34
1019.03
1019.58
1016.47
996.768
1007.77
1127.86
1111.34
1082.05
1037.44
1017.46
1025.28
1033.65
1034.04
1013.35
1008.96
1033.5
1022.05
1010.43
1000.91
1017.59
1028.79
1009.29
1004.08
1022.64
1016.91
1010.84
1000.3
1023.3
1025.39
1009.1
1003.3
1020.75
1016.95
1013.5
998.541
1010.04
1020.26
1012.63
1002.81
1015.99
1018.61
1018.24
999.632
1007.42
1020.15
1012.7
1004.09
1013.89
1015.95
1014.42
997.485
1005.62
1017.33
1015.54
1007.37
1020.51
1024.56
1020.48
999.281
1002
1021.91
1015.72
1002.72
1010.97
1019.71
1027.7
1023.19
998.232
1020.18
1015.39
1003.47
1007.53
1021.79
1020.4
1000.83
998.082
1020.59
1015.64
1079.95
1007.31
1019.61
1055.74
1017.64
1006.1
1018.19
1020.19
1054.07
1009.33
1011.09
1022.81
1015.71
1008.01
1014.18
1018.72
1019.47
1001.81
1062.81
1049.77
1031.01
1022.35
1772.23
1088.9
1024.62
1027.53
1032.66
1024.6
1010.51
1019.99
1023.38
1023.23
1002.5
1005.21
1023.53
1022.06
1005.9
1009.39
1020.91
1030.84
1003.48
1000.21
1024.38
1021.8
1007.11
1007.42
1022.59
1027.05
1003.96
998.723
1023.77
1016.72
1005.08
1000.32
1018.78
1022.94
1008.7
1002.62
1023.86
1017.13
1006.93
1000.1
1015.51
1024.9
1005.43
1001.12
1020.12
1017.79
1008.02
998.465
1013.34
1025.07
1006.09
1001.05
1018.57
1059.63
1023.84
1002.55
1009.35
1020.55
1024.16
1005.51
1016.48
1024.17
1020.11
1000.96
1006.96
1017.24
1017.43
1005.82
1013.23
1019.33
1019.54
998.423
1002.03
1018.8
1018.8
1005.94
1014.03
1022.02
1022.62
999.245
999.063
1030.7
1014.94
1002.7
1004.98
1020.19
1022.75
1001.2
997.181
1020.83
1015.07
1002.05
1004.05
1019.14
1022.93
1784.98
1098.78
1101.29
1035.34
1023.79
1039.14
1041.17
1013.86
1006.03
1030.12
1023.18
1012.09
1001.68
1017.74
1027.25
1013.84
1005.8
1021.41
1019.71
1018.98
1005.32
1023.1
1026.32
1014.36
1004.86
1015.96
1020.75
1021.99
999.425
1007.73
1019.73
1014.83
1004.07
1012.73
1017.33
1016.17
998.076
1003.77
1020.93
1013.89
1002.04
1012.5
1017.38
1018.3
997.166
1002.03
1023.93
1020.57
1005.99
1034.37
1022.89
1023.72
1002.84
999.038
1018.41
1015.9
1004
1007.13
1021.78
1024.46
1005.83
1001.47
1025.28
1016.45
1006.46
1002.62
1018.58
1025.23
1002.74
998.312
1022.43
1018.02
1003.4
1000.21
1015.68
1023.07
1003.39
1001.7
1025.01
1017.57
1006.89
998.488
1014.75
1024.61
1005.48
1012.44
1020.76
1021.32
1014.68
1000.46
1014.92
1019.99
1011.88
1003
1018.2
1197.08
1069.3
1049.81
1037.86
1009.9
1010.71
1037.11
1024.16
1011.19
1004.19
1020.99
1029.43
1006.01
1000.71
1028.62
1017.65
1009.37
1000.79
1018.01
1025.77
1009.92
1003.32
1018.64
1016.62
1008.95
997.934
1013.24
1022.75
1009.73
1003.51
1019.48
1015.76
1011.19
999.981
1013.11
1022.04
1010.86
1004.23
1014.2
1018.94
1013.89
998.37
1006.14
1017.79
1012.95
1003.27
1018.5
1023
1019.84
999.422
1007.71
1019.71
1014.81
1013.55
1014.37
1018.8
1017.27
999.572
1003.28
1018.37
1018.02
1002.93
1009.2
1018.61
1018.62
998.897
999.485
1019.09
1015.17
1002.4
1007.4
1018.92
1020.81
1004.91
1001.91
1021.02
1016.59
1004.28
1007.28
1024.65
1024.72
1004.73
999.378
1021.89
1014.82
1003.91
1003.46
1023.68
1031.44
1005.12
999.765
1030.5
1042.06
1017.22
1106.5
1138.92
1039.15
1028.47
1040.31
1023.56
1010.82
1020.19
1024.64
1025.5
1000.5
1004.04
1033.69
1020.35
1006.08
1010.38
1023.22
1025.84
1003.21
1001.43
1028.5
1020.92
1016.26
1005.28
1018.96
1025.72
1004.31
999.079
1023.57
1015.74
1006.53
998.055
1014.42
1026.38
1009.1
1002.25
1022.36
1019.52
1007.94
1000.6
1014.61
1024.16
1007.91
1002.65
1019.43
1021.72
1009.78
998.765
1013.25
1023.85
1011.1
1004.38
1017.37
1018.01
1015.4
998.781
1008.22
1019.82
1011.87
1002.52
1019.06
1018.94
1018.58
999.508
1008.81
1019.85
1014.94
1002.66
1014.8
1016.25
1016.8
996.986
1006.21
1018.22
1021.73
1007.96
1015.19
1020.06
1018.09
999.158
1001.85
1021.99
1016.2
1004.15
1009
1020.55
1109.12
1015.45
1003.17
1026.79
1017.72
1008.24
999.164
1016.67
1025.37
1750.26
1112.49
1035.23
1018.5
1033.27
1027.35
1025.07
1008.85
1015.28
1024.57
1015.7
1006.83
1016.25
1020.22
1019.85
1000.57
1006.68
1019.99
1019.27
1005.2
1018.2
1024.71
1021.87
1000.16
1002.85
1051.68
1025.47
1006.45
1007.12
1023.15
1025.22
1003.32
1000.16
1019.89
1015.38
1004.41
1001.45
1019.74
1025.27
1004.36
999.878
1025.47
1017
1006.08
1000.14
1017.69
1023.76
1009.84
1005.36
1024.71
1018.78
1007.11
998.935
1013.79
1035.14
1008.83
1004
1038
1016.74
1014.52
1000.29
1014.71
1022.9
1012.55
1003.36
1016.64
1016.79
1015.31
998.001
1006.95
1019.61
1012.88
1002.72
1014.21
1017.25
1015.55
996.932
1006.5
1017.75
1011.87
1002.04
1020.38
1019.82
1014.64
999.189
1002.9
1019.44
1017.76
1006.1
1017.47
1029.23
1020.89
998.729
1000.05
1017.95
1736.48
1104.67
1045.12
1018.39
1019.18
1033.96
1040.32
1013.15
1004
1031.98
1019.85
1007.76
1002.09
1026.44
1029.87
1006.55
1001.86
1023.84
1019.52
1008.54
999.502
1016.25
1033.21
1009.11
1004.46
1022.07
1016.48
1011.15
998.46
1013.24
1021.78
1010.89
1001.56
1017.18
1021.42
1015.97
999.598
1007.84
1019.92
1012.48
1001.67
1014.55
1015.6
1014.52
997.116
1007.67
1020.2
1017.98
1007.33
1023.44
1023.09
1017.83
999.767
1003.98
1021.51
1015.59
1004.14
1013.14
1017.15
1018.8
998.864
1002.06
1021.47
1016.35
1003.91
1009.2
1016.94
1017.08
1000.6
999.286
1019.12
1015.6
1003.25
1007.16
1024.38
1028.16
1001.78
1000.14
1021.47
1014.49
1003.06
1006.19
1019.34
1020.86
1002.47
996.794
1030.27
1017.48
1008.76
1004
1019.6
1024.68
1328.84
1039.02
1023.82
1724.04
1052.69
1046.89
1048.6
1018.64
1012.34
1028.02
1023.52
1017.71
1001.62
1015.16
1019.92
1013.91
1004.91
1018.96
1019.18
1016.23
1010.17
1015.3
1025.79
1018.51
1004.85
1014.01
1019.49
1019.17
999.354
1003.6
1025.54
1017.97
1004.37
1010.57
1022.33
1025.94
1006.72
1001.09
1021.83
1015.81
1003.27
1008.24
1020.68
1023.06
1000.09
998.248
1042.07
1020.31
1004.34
1002.44
1019.23
1023.77
1004.44
999.07
1022.76
1017.12
1004.15
1002.12
1018.47
1026.44
1004.76
999.614
1027.97
1022.45
1012.16
1000.35
1015.41
1023.96
1007.47
1002.99
1019.59
1015.03
1010.19
998.024
1010.46
1024.88
1011.65
1006.02
1019.23
1021.42
1015.91
998.846
1010.73
1019.4
1018.95
1005.72
1014.38
1015.29
1013.65
997.907
1007.47
1018
1013.91
1002.64
1012.66
1015.51
1012.61
997.814
1724.49
1042.9
1029.24
1036.17
1030.19
1012.41
1020.59
1027.24
1029.69
1004.65
1001.49
1025.56
1018.5
1006.88
1005.74
1021.81
1027.07
1004.17
1003.12
1032.99
1047.97
1022.11
1006.19
1018.45
1026.55
1012
1004.62
1022.92
1017.11
1013.1
999.199
1011.63
1023.92
1009.25
1005.17
1015.69
1014.8
1011.34
997.998
1009.05
1020.92
1012.4
1002.86
1016.93
1016.63
1019.68
1002.24
1009.14
1021.5
1025.86
1005.66
1011.68
1019.09
1016.81
999.226
1005.71
1021.88
1014.72
1002.84
1014.75
1024.49
1020.67
1001.08
1000.31
1021.98
1015.1
1003.16
1008.52
1018.26
1023.63
1002.08
997.175
1019.88
1015.22
1002.31
1005.78
1018.63
1022.08
