1.151e+06
2707.15
2651.12
2633.61
2655.48
2665.68
2662.4
2586.52
2599.07
2650.96
2645.53
2608.03
2614.59
2649.24
2649.4
2593.4
2582.71
2642.87
2637.31
2596.39
2609.29
2645.31
2647.25
2589.77
2616.95
2661.31
2632.85
2602.17
2598.61
2645.11
2658.68
2599.86
2590.67
2649.09
2633.72
2607.4
2600.35
2645.24
2662.25
2603.82
2589.46
2653.55
2630.74
2603.69
2588.26
2627.74
2654.79
2602.01
2592.39
2656.82
2642.24
2613.84
2591.28
2631.12
2668.05
2618.7
2602.48
2641.76
2635.07
2617.47
2587.63
2642.9
2646.72
2615.1
2601.56
2635.74
2631.73
2628.39
2587.78
2616.14
4320.85
2823.4
2807.64
2879.15
2666.23
2652.02
2687.83
2684.9
2614.91
2600.17
2751.77
2691.12
2668.49
2604.36
2618
2662.47
2643.1
2635.41
2645.85
2677.74
2680.42
2620.07
5207.21
2776.47
4629.35
2801.82
2667.25
2703.98
2705.96
2673.51
2626.56
2605.19
2661.48
2644.94
2607.36
2613.17
2651.51
2657.74
2603.34
2591.75
2653.72
2629.29
2601.53
2602.47
2656.44
2657.71
2608.21
2599.47
2665.57
2638.64
2607.84
2591.48
2668.2
2660.52
2612.31
2599.01
2644.88
2639.06
2615.77
2588.12
2634.79
2665.4
2623.85
2599.08
2640.5
2634.5
2620.7
2589.11
2619.59
2644.53
2616.57
2600.31
2633.58
2629.48
2620.96
2583.42
2618.94
2636.08
2620.08
2592.53
2632.17
2631.2
2626.39
2588.14
2612.49
2635.78
2624.55
2601.37
2642.05
2643.47
2635.41
2584.33
2612.87
2924.21
2881.38
2805.46
2689.77
2637.97
2658.26
2679.95
2680.96
2627.32
2615.95
2679.58
2649.88
2619.76
2595.07
2638.33
2667.35
2616.79
2603.3
2651.42
2636.55
2620.8
2593.48
2653.13
2658.55
2616.3
2601.26
2646.51
2636.66
2627.72
2588.93
2618.75
2645.23
2625.45
2600
2634.18
2640.95
2639.99
2591.76
2611.95
2644.96
2625.65
2603.3
2628.74
2634.06
2630.09
2586.19
2607.28
2637.65
2633.01
2611.82
2645.88
2656.38
2645.8
2590.85
2597.9
2649.53
2633.47
2599.76
2621.16
2643.81
2664.52
2652.85
2588.13
2645.03
2632.62
2601.72
2612.25
2649.2
2645.59
2594.87
2587.74
2646.09
2633.26
2799.99
2611.67
2643.55
2737.22
2638.44
2608.52
2639.88
2645.06
2732.9
2616.91
2621.46
2651.86
2633.43
2613.49
2629.49
2641.24
2643.2
2597.42
2755.55
2721.76
2673.12
2650.66
4594.89
2823.21
2656.56
2664.1
2677.38
2656.49
2619.96
2644.53
2653.34
2652.94
2599.19
2606.22
2653.71
2649.9
2608.01
2617.05
2646.93
2672.67
2601.73
2593.24
2655.92
2649.24
2611.14
2611.95
2651.29
2662.84
2602.97
2589.4
2654.34
2636.07
2605.88
2593.54
2641.41
2652.2
2615.27
2599.51
2654.57
2637.13
2610.68
2592.97
2632.92
2657.27
2606.8
2595.61
2644.88
2638.84
2613.52
2588.73
2627.3
2657.7
2608.51
2595.43
2640.85
2747.31
2654.53
2599.33
2616.96
2645.99
2655.36
2607.01
2635.44
2655.37
2644.84
2595.19
2610.76
2637.41
2637.9
2607.81
2627
2642.83
2643.37
2588.62
2597.98
2641.44
2641.46
2608.1
2629.08
2649.81
2651.35
2590.75
2590.28
2672.3
2631.46
2599.72
2605.62
2645.06
2651.71
2595.83
2585.4
2646.72
2631.8
2598.01
2603.21
2642.33
2652.15
4627.93
2848.83
2855.34
2684.33
2654.39
2694.19
2699.44
2628.65
2608.34
2670.79
2652.8
2624.05
2597.08
2638.7
2663.37
2628.59
2607.74
2648.23
2643.8
2641.93
2606.51
2652.6
2660.95
2629.95
2605.32
2634.08
2646.5
2649.71
2591.22
2612.76
2643.87
2631.16
2603.27
2625.71
2637.64
2634.63
2587.72
2602.49
2646.96
2628.73
2598
2625.12
2637.76
2640.17
2585.36
2597.98
2654.75
2646.05
2608.24
2681.83
2652.05
2654.2
2600.06
2590.22
2640.45
2633.95
2603.08
2611.19
2649.17
2656.13
2607.83
2596.52
2658.26
2635.37
2609.45
2599.51
2640.89
2658.13
2599.81
2588.34
2650.87
2639.42
2601.54
2593.25
2633.38
2652.52
2601.5
2597.13
2657.55
2638.26
2610.58
2588.79
2630.95
2656.52
2606.91
2624.97
2646.55
2647.99
2630.77
2593.89
2631.41
2644.55
2623.53
2600.49
2639.9
3103.69
2772.39
2721.86
2690.87
2618.38
2620.47
2688.93
2655.36
2621.74
2603.59
2647.13
2669.02
2608.3
2594.55
2666.92
2638.49
2617
2594.76
2639.42
2659.52
2618.43
2601.31
2641.05
2635.8
2615.92
2587.35
2627.03
2651.7
2617.93
2601.82
2643.22
2633.58
2621.73
2592.66
2626.71
2649.85
2620.87
2603.69
2629.52
2641.82
2628.72
2588.49
2608.63
2638.84
2626.3
2601.19
2640.67
2652.34
2644.15
2591.21
2612.71
2643.82
2631.1
2627.85
2629.97
2641.45
2637.49
2591.6
2601.23
2640.35
2639.43
2600.3
2616.58
2640.97
2641
2589.85
2591.38
2642.2
2632.05
2598.94
2611.91
2641.76
2646.68
2605.45
2597.66
2647.22
2635.72
2603.81
2611.59
2656.63
2656.8
2604.98
2591.1
2649.48
2631.14
2602.85
2601.67
2654.12
2674.22
2605.99
2592.1
2671.78
2701.77
2637.36
2868.83
2952.88
2694.22
2666.53
2697.23
2653.8
2620.76
2645.05
2656.6
2658.84
2594.01
2603.19
2680.06
2645.47
2608.47
2619.63
2652.9
2659.7
2601.04
2596.43
2666.6
2646.95
2634.86
2606.41
2641.87
2659.41
2603.89
2590.32
2653.82
2633.51
2609.63
2587.67
2630.1
2661.1
2616.3
2598.54
2650.68
2643.31
2613.31
2594.27
2630.59
2655.36
2613.21
2599.59
2643.08
2649.03
2618.08
2589.51
2627.07
2654.55
2621.48
2604.06
2637.74
2639.41
2632.65
2589.55
2614.03
2644.11
2623.49
2599.25
2642.12
2641.81
2640.89
2591.44
2615.54
2644.17
2631.44
2599.62
2631.08
2634.84
2636.27
2584.9
2608.81
2639.96
2649.06
2613.36
2632.11
2644.72
2639.61
2590.53
2597.51
2649.72
2634.72
2603.46
2616.04
2646
2875.62
2632.77
2600.94
2662.17
2638.64
2614.07
2590.54
2635.94
2658.49
4537.92
2884.36
2684.06
2640.67
2678.98
2663.62
2657.72
2615.66
2632.34
2656.4
2633.42
2610.43
2634.83
2645.14
2644.18
2594.19
2610.02
2644.54
2642.67
2606.19
2639.9
2656.79
2649.42
2593.13
2600.11
2726.7
2658.74
2609.43
2611.17
2652.74
2658.09
2601.33
2593.12
2644.29
2632.59
2604.13
2596.47
2643.89
2658.22
2604.01
2592.4
2658.75
2636.8
2608.47
2593.08
2638.57
2654.33
2618.21
2606.61
2656.78
2641.39
2611.16
2589.95
2628.46
2683.82
2615.61
2603.09
2691.23
2636.11
2630.35
2593.46
2630.86
2652.09
2625.25
2601.42
2635.86
2636.24
2632.41
2587.53
2610.72
2643.54
2626.11
2599.77
2629.55
2637.44
2633.03
2584.76
2609.57
2638.73
2623.49
2597.99
2645.54
2644.1
2630.66
2590.61
2600.22
2643.11
2638.77
2608.53
2638
2668.5
2646.87
2589.42
2592.84
2639.26
4502.19
2864.1
2709.69
2640.39
2642.45
2680.75
2697.26
2626.8
2603.09
2675.61
2644.17
2612.82
2598.12
2661.27
2670.15
2609.69
2597.54
2654.51
2643.33
2614.85
2591.42
2634.84
2678.82
2616.34
2604.26
2649.93
2635.43
2621.61
2588.72
2627.05
2649.19
2620.94
2596.75
2637.25
2648.25
2634.12
2591.67
2613.03
2644.37
2625.08
2597.05
2630.43
2633.15
2630.36
2585.23
2612.59
2645.09
2639.32
2611.7
2653.49
2652.57
2638.95
2592.11
2603.03
2648.48
2633.12
2603.45
2626.79
2637.18
2641.46
2589.77
2598.05
2648.37
2635.1
2602.85
2616.56
2636.62
2636.98
2594.26
2590.86
2642.27
2633.15
2601.14
2611.28
2655.92
2665.73
2597.34
2593.07
2648.36
2630.28
2600.64
2608.75
2642.87
2646.8
2599.13
2584.4
2671.19
2638.03
2615.42
2603.09
2643.52
2656.69
3445.29
2693.89
2654.46
4469.94
2729.32
2714.29
2718.72
2641.04
2624.71
2665.37
2653.7
2638.64
2596.9
2632.01
2644.36
2628.77
2605.43
2641.87
2642.45
2634.78
2619.07
2632.38
2659.58
2640.7
2605.27
2629.03
2643.24
2642.41
2591.04
2602.06
2658.92
2639.3
2604.04
2620.12
2650.6
2659.96
2610.14
2595.55
2649.32
2633.71
2601.2
2614.07
2646.32
2652.51
2592.95
2588.17
2701.79
2645.37
2603.97
2599.04
2642.56
2654.34
2604.23
2590.3
2651.71
2637.1
2603.46
2598.21
2640.6
2661.27
2605.05
2591.71
2665.23
2650.92
2624.23
2593.62
2632.67
2654.83
2612.07
2600.46
2643.49
2631.69
2619.12
2587.59
2619.83
2657.22
2622.93
2608.31
2642.56
2648.24
2633.96
2589.72
2620.54
2643.01
2641.83
2607.54
2629.99
2632.35
2628.09
2587.29
2612.07
2639.38
2628.78
2599.55
2625.53
2632.93
2625.41
2587.04
4471.1
2703.95
2668.53
2686.48
2670.98
2624.89
2646.09
2663.34
2669.69
2604.77
2596.56
2658.97
2640.67
2610.56
2607.58
2649.26
2662.89
2603.53
2600.79
2678.24
2717.08
2650.03
2608.77
2640.56
2661.54
2623.83
2604.7
2652.14
2637.08
2626.67
2590.64
2622.87
2654.73
2616.69
2606.11
2633.4
2631.09
2622.12
2587.52
2616.17
2646.95
2624.87
2600.13
2636.62
2635.83
2643.74
2598.51
2616.41
2648.47
2659.75
2607.39
2623
2642.19
2636.31
2590.7
2607.51
2649.45
2630.89
2600.08
2630.95
2656.22
2646.3
2595.5
2593.52
2649.7
2631.87
2600.9
2614.8
2640.06
2653.97
2598.11
2585.39
2644.24
2632.18
2598.69
2607.7
2641
2649.95
