1.51133e+06
1.04244e+06
903853
922680
1.3566e+06
850105
710324
466400
538026
2.41103e+06
905498
472721
472274
472075
471241
464668
482509
471575
473696
466861
467896
480679
465773
470028
466377
472858
466967
467999
467058
464529
472412
463186
472195
466551
465480
468601
466647
467779
467474
467387
472709
521688
522457
521314
518590
520421
519959
514699
517653
518704
517253
516598
520701
515750
519342
517899
514194
517956
515492
520245
518890
516754
517190
517696
518861
516822
516710
517593
515296
518840
514726
518061
515922
519735
517048
516395
516802
516214
518542
517515
515519
523221
513286
477211
465672
469085
466888
469145
468718
466784
467781
468187
465123
473070
466237
469757
468442
467728
469474
465498
470112
465146
466408
467438
466621
467666
466964
469329
464463
470652
467501
467080
468718
468387
467689
469177
465648
475104
467310
466940
469032
469055
467490
464048
467980
470120
465663
470741
463364
473115
464901
467667
464564
466210
469684
465828
465130
467824
464670
472477
464695
470288
468066
466857
464347
464752
468279
466470
496984
470134
466528
470538
463773
477766
536315
479236
474223
464857
478240
468538
467008
468651
466397
470258
466183
466358
469301
464646
472508
463630
468254
472570
466258
470761
464595
468536
466578
465286
468456
466681
470339
467789
468087
464177
466401
470711
464475
470395
467135
467481
465677
466091
469226
467240
475652
468110
468906
467943
468401
467037
473660
464131
470464
461309
494821
467340
466933
462964
461340
468888
466646
468264
466593
470937
471536
468405
477678
467250
466388
469318
466517
467667
473029
465923
468510
465577
471288
464422
470357
467490
462762
472475
464420
475375
464292
468714
466320
466332
469053
465239
468873
467129
470248
467850
466888
469326
468093
470587
469192
465452
469996
468474
467000
471315
472052
470583
467857
468766
467046
470136
465695
466191
471924
466644
467908
468407
466800
469001
466306
465145
467060
465641
468561
463653
467400
466450
466062
465845
463403
473749
461373
462620
473645
465940
470513
465732
483503
468501
470166
468794
468228
469955
468462
474371
468332
467706
472065
470780
467098
471228
465717
468914
468020
468894
467106
468625
469183
466521
473280
465209
476715
519709
920681
490115
473369
475255
471442
469035
470737
466814
471170
467310
472374
466045
467155
522235
470728
470030
469703
469365
468284
468168
468580
468654
467296
469035
467820
473503
468553
466056
485147
466362
471256
465022
470508
466588
466421
471517
464171
469985
466524
467715
470649
468661
468485
464574
473438
467129
466076
475034
470064
469900
473196
465754
466874
465558
469073
467912
464975
470977
467178
471562
466314
468881
469006
467526
466719
465561
469215
466795
467167
469952
466390
470766
470527
463583
478756
468533
470070
465429
470282
467750
466130
472092
464713
469347
467006
470819
464364
465619
470113
462784
474085
466314
472936
470321
464809
470083
467852
467272
466938
467940
469678
468486
466390
467260
465237
471633
469374
467255
468208
466870
469374
465376
469379
468422
466687
470820
465557
468695
468281
465871
465988
473426
469664
460972
470187
474362
465936
468234
465955
467195
468258
465701
467937
466516
469341
464971
473756
466435
466766
471189
464851
471298
466310
475572
466533
470440
467182
466994
467568
464168
468605
468020
468983
468606
469239
469406
468918
465636
478247
467655
467202
471490
466512
469380
465687
468578
471802
470139
470394
466073
472121
464227
468312
469843
466596
468040
468113
468567
469116
466590
474737
460844
471268
469348
467023
471072
465420
472148
467280
468998
467279
466643
470997
464938
472168
466568
468469
470111
471228
465457
467747
470790
466824
467610
468140
467932
466952
471142
465980
469224
466326
469476
467357
471707
464568
472667
471166
465520
468559
470785
467090
468789
464685
470744
464228
468225
468328
465887
468548
468497
469918
466724
465694
469849
467332
470001
467803
466536
470177
464278
470940
466146
466934
468944
467806
468465
466507
472453
466563
467570
468414
465883
468547
467837
466575
467955
466925
467702
466934
467054
468202
468649
477262
468800
466093
469460
465836
469881
463405
469146
466301
467328
468438
465181
468221
466154
485537
464162
474260
470033
471481
470119
466947
466201
468590
472929
469096
468065
468287
474610
465824
466744
467033
470737
465689
464979
469435
463610
469392
465844
465834
466051
467320
467967
464743
471005
464766
468289
468194
466646
467651
469651
466192
468293
465166
467709
466864
465847
469191
464263
479404
473617
475719
481864
472322
471250
463514
474926
464583
473702
532938
938539
480269
482018
467962
466055
465085
469706
468611
469198
466119
467201
469578
462692
469488
473312
466020
468965
466044
467372
465741
466096
467391
467014
467044
465748
471216
465598
465359
469100
464310
473839
467804
467063
465653
466740
464832
464392
467281
465713
468982
467293
466831
467696
467167
467742
467678
465335
468173
467261
466839
469771
465078
471024
463346
470185
469323
497537
466458
466266
484259
465847
468544
468676
466946
467906
466238
467584
468823
466052
466139
470389
470517
467321
467080
478997
466215
485496
478834
469825
466564
466761
472826
468649
471482
463693
470035
471738
467984
468220
467748
468230
467501
465618
467784
468464
466120
469187
465885
466206
465929
469336
465571
473478
469878
465920
471565
465080
466896
468597
462028
467902
464426
471422
464141
464833
466972
466350
469088
467915
465385
468332
464690
468298
467920
466397
479623
467893
470154
462182
477265
467861
469942
478851
468923
474622
464174
470673
466083
467132
468699
467097
468622
467560
467590
466741
469270
466922
468454
482252
469884
467517
471084
465088
466822
477334
466407
468628
465871
470033
467277
466740
468413
467081
473241
466532
468276
469026
466378
470448
465287
471801
475014
469902
467260
468265
464765
468365
467526
469981
471795
469182
467416
473718
466629
466698
490176
466206
468115
468074
470173
466628
471592
467958
466914
470418
468612
468104
469535
466797
468854
470312
466925
468475
466876
469904
471858
464286
466591
467353
478562
473101
468901
469419
467222
469835
466047
471366
465838
468059
467127
467307
471580
465385
470672
467788
468434
470814
463878
472542
468046
467169
469540
492045
497213
469665
494106
473171
468880
468026
470279
468113
470208
480231
471264
479134
469878
471044
466406
467345
480392
471363
467543
469119
471089
461599
471402
469056
469213
465518
466310
464610
465534
470966
465142
469384
466881
466311
472833
466444
470343
465901
469644
467044
465823
468847
465803
464973
467319
466578
469931
467366
466931
468039
468060
470166
463075
475736
469507
467137
469341
466511
467804
467747
467968
476482
468206
471312
464165
470402
463561
467048
470920
475593
469680
467146
466170
469280
463907
473146
465072
468365
462791
459987
478471
460898
473620
471254
474825
467218
466947
470928
467293
465854
466608
467090
467409
465776
467114
469053
501856
941989
515268
489666
467564
468351
466065
465299
472291
464620
473029
467788
466252
470922
462735
468391
466829
465721
468078
469698
472197
464719
465172
466378
466484
466711
465430
470493
