182704
49062.3
44480.7
42808.7
40969.4
40999.2
40805.7
40796.6
40900.9
40874.3
40950.7
41083.4
40977.8
41018.2
40882.6
40791.2
148213
42587.3
41380.5
41429.7
41503.6
41544.3
41472.4
41306.2
41370.8
41257.1
41412.1
41506
103518
40970.4
40953.4
231585
55035.2
43608.7
42854.4
40811.4
40848.3
41115.6
41021.3
41005.6
41437.3
40842.9
40809.5
40774.2
40813.9
164764
132279
162162
54899.7
45519.9
46803.8
40725.4
40739.9
40740
40772.9
41025.6
44484.9
41051.8
40946.6
203056
100239
95221.2
179727
70723.9
49914.3
45378.4
45270.1
40849.1
41078.4
40784.8
47383.9
40938.6
41019.6
40960.9
41044.9
41036.6
40862.7
40785.9
41234.3
40806.7
40828.1
41014.1
41027.5
40972.7
41002.6
40792.1
40803.1
41027.4
40826
40820.4
41082.7
40955.1
41006.8
40974.3
40801.3
40827
40761
40998.6
40857.5
41155.4
43549.4
41068.2
40881.5
40765.8
40786.8
40806.1
40805.7
41354.9
40964.8
40963.9
40935.8
40800.4
40776.5
40799
40778.3
40746.2
41132.5
41081.9
40858
40932.3
40716.8
40758
40759.6
40780
40763.7
40977.8
41139.1
41065.8
41049.1
40851.2
40797.9
40850.2
40848.4
40816.4
41074.8
40977.2
41289.1
40992.5
40824.5
40825.7
40875
40818.2
40812.9
41170.3
41025.5
41016.5
41082.4
40820.3
40752.9
40794.4
40802.6
40855.4
41034.8
41036.8
40962.6
41370.9
40807.3
40766
40876.2
40766.7
40974.9
41053.7
40963.8
40982.9
40829.2
41067
40830.5
40828.1
40807.5
41040.3
41025.5
40975.2
40980.1
40788.1
40850.4
40984.4
40830.9
40832.4
41072
40983.6
40993.1
40938.7
40763.2
40871.4
40867.9
41009.9
40894.6
41148.7
41003.3
41046
40878.6
40834.8
40834.2
40835.3
41076.6
40965.4
41116.7
41088.3
41101.5
40943.6
40884.4
40862.4
40880.2
120458
41168.9
41031.7
40970.8
41065.5
40929.3
40859.9
40844.6
40853.6
41355.5
41071.2
40939.5
40937.9
40965.1
40885.2
40860.8
40849.1
40792.5
41040.1
41265
41042.2
41065.6
41029.7
40889
40899.5
40904
40903.6
40894.5
41434
41117.1
41166.3
41075.3
40904.2
40913.9
40921.2
40926.9
41095.9
41101.9
41282.2
41095.1
40961.6
40895.8
40960.8
40940.2
40896
41104.3
41061.2
41027.7
41604.5
40823.9
40822.2
40861
40832.5
40895.6
41075.8
41009
40892.1
41135.2
40886.1
40831.3
40854.5
40911.3
40898.3
41176.7
41051.1
41117.9
41057.9
221264
43846.1
43610.7
44360.7
40890.7
42282
40961.9
41001.8
40875.8
40855.3
40804.3
40767.6
40806.5
40943.4
40951
41167.4
40937.4
40861.6
40774.5
40760.9
40775.8
40748.5
40938.6
40946.9
40887.2
41164.7
40808
40765.8
40748.2
40768.9
