473699
127204
115326
110991
106222
106299
105797
105774
106044
105975
106173
106517
106244
106348
105997
105760
384273
110417
107288
107415
107607
107712
107526
107095
107262
106968
107370
107613
268392
106224
106180
600432
142690
113065
111109
105812
105908
106601
106356
106316
107435
105894
105807
105716
105819
427187
342961
420438
142339
118020
121349
105589
105627
105627
105712
106368
115336
106435
106163
526465
259891
246881
465980
183367
129413
117653
117372
105910
106504
105743
122853
106142
106352
106200
106418
106396
105945
105746
106909
105800
105855
106338
106373
106230
106308
105762
105791
106372
105850
105836
106516
106185
106319
106235
105786
105853
105682
106298
105932
106704
112911
106478
105994
105694
105748
105798
105797
107221
106210
106208
106135
105784
105722
105780
105726
105643
106645
106514
105933
106126
105567
105674
105678
105731
105688
106244
106662
106472
106429
105916
105777
105913
105908
105825
106495
106242
107051
106282
105846
105849
105977
105830
105816
106743
106367
106344
106515
105835
105661
105768
105789
105926
106391
106396
106204
107263
105802
105695
105980
105696
106236
106440
106207
106257
105858
106475
105862
105856
105802
106406
106367
106237
106250
105752
105913
106261
105863
105867
106488
106259
106283
106142
105687
105968
105959
106327
106028
106687
106310
106420
105986
105873
105871
105874
106500
106212
106604
106530
106564
106155
106001
105944
105990
312313
106739
106383
106226
106471
106118
105938
105898
105922
107223
106486
106144
106140
106211
106004
105940
105910
105763
106405
106988
106410
106471
106378
106013
106040
106052
106051
106028
107426
106605
106732
106496
106053
106078
106097
106112
106550
106565
107033
106548
106202
106031
106200
106146
106032
106572
106460
106373
107868
105845
105840
105941
105867
106030
106498
106324
106022
106652
106006
105864
105924
106071
106037
106759
106434
106607
106451
573674
113680
113070
115015
106018
109625
106202
106306
105979
105926
105794
105699
105799
106154
106174
106735
106139
105942
105716
105681
105720
105649
106142
106164
106009
106728
105804
105694
105648
105702
