2.08676e+09
2.61655e+09
2.10093e+09
2.36216e+09
2.12232e+09
2.3261e+09
2.21186e+09
2.54953e+09
2.26737e+09
2.25007e+09
2.29605e+09
2.35744e+09
2.34837e+09
2.31341e+09
2.26051e+09
2.42403e+09
2.41688e+09
2.35871e+09
2.33484e+09
2.61526e+09
2.41992e+09
2.48117e+09
2.3642e+09
2.44029e+09
2.28622e+09
2.32844e+09
2.30934e+09
2.27132e+09
2.44748e+09
2.37868e+09
2.29491e+09
2.33584e+09
2.41866e+09
2.37232e+09
2.31919e+09
2.52573e+09
2.35262e+09
2.73017e+09
2.33194e+09
2.3447e+09
2.50752e+09
2.53374e+09
2.11854e+09
2.60858e+09
2.27951e+09
2.24463e+09
2.34313e+09
2.29915e+09
2.44503e+09
2.45785e+09
2.47661e+09
2.46974e+09
2.56497e+09
2.47067e+09
2.51842e+09
2.49797e+09
2.43525e+09
2.17039e+09
2.37301e+09
2.54757e+09
2.36011e+09
2.37698e+09
2.27363e+09
2.61651e+09
2.33989e+09
2.50436e+09
2.36977e+09
2.28945e+09
4.39009e+09
2.29333e+09
2.36214e+09
2.65277e+09
2.31838e+09
2.35938e+09
2.33965e+09
2.44037e+09
2.37093e+09
2.26597e+09
2.45442e+09
2.41977e+09
2.35515e+09
2.31439e+09
2.32709e+09
2.36e+09
2.48633e+09
2.50713e+09
2.2103e+09
2.31157e+09
2.3254e+09
2.51698e+09
2.36827e+09
2.37373e+09
2.43213e+09
2.40035e+09
2.23292e+09
2.2803e+09
2.53499e+09
2.30224e+09
2.33438e+09
2.32645e+09
2.43225e+09
2.40101e+09
2.29875e+09
2.3679e+09
2.33923e+09
2.33985e+09
2.38868e+09
2.44422e+09
2.71583e+09
2.7804e+09
3.34695e+09
3.42332e+09
4.20644e+09
4.09377e+09
3.26278e+09
2.33264e+09
2.44984e+09
2.51681e+09
2.38147e+09
2.34639e+09
2.37714e+09
2.83317e+09
2.508e+09
2.28631e+09
2.50821e+09
2.55418e+09
2.35666e+09
2.46798e+09
2.33151e+09
2.28679e+09
2.30106e+09
2.47341e+09
2.29737e+09
2.53539e+09
2.37261e+09
2.42487e+09
2.31428e+09
2.36887e+09
2.43096e+09
2.56056e+09
2.45831e+09
2.3039e+09
2.32691e+09
2.33359e+09
2.32502e+09
2.28896e+09
2.32772e+09
2.34064e+09
2.27942e+09
2.54271e+09
2.37446e+09
2.36745e+09
2.50701e+09
2.39316e+09
2.5004e+09
3.1176e+09
2.66704e+09
2.43461e+09
2.45153e+09
3.40614e+09
2.46091e+09
2.51292e+09
2.42314e+09
2.41508e+09
2.44558e+09
2.28156e+09
2.49876e+09
2.42598e+09
2.37696e+09
2.40443e+09
2.44541e+09
2.52768e+09
2.86037e+09
2.60299e+09
2.68453e+09
2.36428e+09
2.40768e+09
2.26826e+09
2.38284e+09
2.32515e+09
2.41071e+09
2.30759e+09
2.48949e+09
2.61226e+09
2.3483e+09
2.25965e+09
2.68045e+09
2.39198e+09
2.3714e+09
2.49818e+09
2.73988e+09
2.27966e+09
3.1131e+09
3.63585e+09
2.62601e+09
2.28969e+09
2.36154e+09
2.36579e+09
2.28986e+09
2.36355e+09
2.43709e+09
2.38449e+09
2.41447e+09
2.34882e+09
2.46105e+09
2.29843e+09
2.40528e+09
2.51887e+09
2.23605e+09
2.33421e+09
2.2654e+09
2.3018e+09
2.44485e+09
2.29895e+09
2.30239e+09
2.33595e+09
2.52201e+09
2.31176e+09
2.48934e+09
2.34776e+09
2.34075e+09
2.43579e+09
2.44298e+09
2.40125e+09
2.39875e+09
2.47863e+09
2.39355e+09
2.34783e+09
2.40166e+09
2.51382e+09
2.35367e+09
2.32054e+09
2.50686e+09
2.94138e+09
3.22407e+09
3.52168e+09
4.01552e+09
4.83301e+09
3.51071e+09
2.5063e+09
2.38209e+09
2.40641e+09
2.35924e+09
2.29256e+09
2.44851e+09
2.4832e+09
2.41974e+09
2.26805e+09
2.39099e+09
2.34604e+09
2.2903e+09
2.37741e+09
2.33092e+09
2.32843e+09
2.33775e+09
2.52339e+09
2.33194e+09
2.44661e+09
2.3386e+09
2.39002e+09
2.44323e+09
2.96271e+09
4.54672e+09
3.85088e+09
3.36162e+09
3.37598e+09
3.87156e+09
3.43926e+09
2.69623e+09
3.13873e+09
3.26925e+09
3.27655e+09
3.33862e+09
3.21056e+09
3.40842e+09
3.95954e+09
2.52434e+09
4.24629e+09
2.34958e+09
2.39946e+09
2.28973e+09
2.35119e+09
2.60893e+09
2.29536e+09
2.63918e+09
2.37099e+09
2.43198e+09
2.47951e+09
2.33101e+09
2.48629e+09
2.63454e+09
2.51607e+09
2.77275e+09
2.83713e+09
2.50861e+09
2.65345e+09
2.35219e+09
2.2581e+09
2.34791e+09
2.42854e+09
