8.04856e+08
1.00919e+09
8.10322e+08
9.11079e+08
8.18571e+08
8.97168e+08
8.53108e+08
9.83344e+08
8.74518e+08
8.67843e+08
8.85577e+08
9.09256e+08
9.05758e+08
8.92273e+08
8.7187e+08
9.3494e+08
9.32182e+08
9.09746e+08
9.00541e+08
1.0087e+09
9.33357e+08
9.56977e+08
9.11865e+08
9.41212e+08
8.81786e+08
8.98071e+08
8.90706e+08
8.76039e+08
9.43983e+08
9.17447e+08
8.85138e+08
9.00926e+08
9.32868e+08
9.14996e+08
8.94504e+08
9.74166e+08
9.07397e+08
1.05302e+09
8.99423e+08
9.04344e+08
9.6714e+08
9.77254e+08
8.17114e+08
1.00612e+09
8.79199e+08
8.65746e+08
9.03739e+08
8.86774e+08
9.4304e+08
9.47985e+08
9.55218e+08
9.52571e+08
9.89298e+08
9.5293e+08
9.71347e+08
9.63458e+08
9.39266e+08
8.37111e+08
9.15262e+08
9.82588e+08
9.10287e+08
9.16794e+08
8.76932e+08
1.00918e+09
9.02486e+08
9.65922e+08
9.14013e+08
8.83031e+08
1.69324e+09
8.84528e+08
9.1107e+08
1.02316e+09
8.9419e+08
9.10003e+08
9.02395e+08
9.41242e+08
9.14461e+08
8.73978e+08
9.46663e+08
9.33295e+08
9.08372e+08
8.92653e+08
8.97552e+08
9.10243e+08
9.58969e+08
9.66992e+08
8.52506e+08
8.91563e+08
8.96899e+08
9.7079e+08
9.13435e+08
9.15538e+08
9.38063e+08
9.25808e+08
8.6123e+08
8.79502e+08
9.77737e+08
8.87965e+08
9.00361e+08
8.97303e+08
9.38109e+08
9.2606e+08
8.86619e+08
9.1329e+08
9.02232e+08
9.02472e+08
9.21305e+08
9.42728e+08
1.04748e+09
1.07239e+09
1.29091e+09
1.32036e+09
1.62241e+09
1.57895e+09
1.25844e+09
8.9969e+08
9.44896e+08
9.70724e+08
9.18526e+08
9.04995e+08
9.16855e+08
1.09274e+09
9.67326e+08
8.81821e+08
9.67407e+08
9.85139e+08
9.08956e+08
9.51892e+08
8.99256e+08
8.82007e+08
8.8751e+08
9.53984e+08
8.86088e+08
9.7789e+08
9.15108e+08
9.35264e+08
8.92608e+08
9.13666e+08
9.37614e+08
9.876e+08
9.48164e+08
8.88608e+08
8.97481e+08
9.00059e+08
8.96753e+08
8.82844e+08
8.97795e+08
9.02776e+08
8.79165e+08
9.80715e+08
9.15822e+08
9.13119e+08
9.66945e+08
9.23034e+08
9.64394e+08
1.20245e+09
1.02867e+09
9.3902e+08
9.45545e+08
1.31374e+09
9.49165e+08
9.69226e+08
9.34598e+08
9.3149e+08
9.43254e+08
8.79989e+08
9.63762e+08
9.35694e+08
9.16787e+08
9.27379e+08
9.43185e+08
9.74917e+08
1.10324e+09
1.00396e+09
1.03541e+09
9.11896e+08
9.28632e+08
8.74859e+08
9.19053e+08
8.96804e+08
9.29801e+08
8.9003e+08
9.60187e+08
1.00754e+09
9.05731e+08
8.71538e+08
1.03384e+09
9.2258e+08
9.14642e+08
9.63539e+08
1.05676e+09
8.79256e+08
1.20071e+09
1.40233e+09
1.01284e+09
8.83126e+08
9.10838e+08
9.12479e+08
8.83191e+08
9.11614e+08
9.39978e+08
9.19689e+08
9.31254e+08
9.05933e+08
9.49218e+08
8.86497e+08
9.27707e+08
9.71521e+08
8.62438e+08
9.00295e+08
8.73757e+08
8.87796e+08
9.42969e+08
8.86697e+08
8.88023e+08
9.00969e+08
9.72732e+08
8.91636e+08
9.60129e+08
9.05524e+08
9.02821e+08
9.39477e+08
9.42249e+08
9.26155e+08
9.25189e+08
9.56e+08
9.23184e+08
9.05548e+08
9.26311e+08
9.69571e+08
9.07803e+08
8.95024e+08
9.66889e+08
1.13448e+09
1.24351e+09
1.3583e+09
1.54877e+09
1.86408e+09
1.35407e+09
9.6667e+08
9.18764e+08
9.28142e+08
9.09949e+08
8.84234e+08
9.44383e+08
9.57763e+08
9.33285e+08
8.7478e+08
9.22196e+08
9.0486e+08
8.83363e+08
9.16958e+08
8.99028e+08
8.98067e+08
9.0166e+08
9.73262e+08
8.9942e+08
9.4365e+08
9.01989e+08
9.21821e+08
9.42347e+08
1.14271e+09
1.75365e+09
1.48527e+09
1.29657e+09
1.3021e+09
1.49325e+09
1.32651e+09
1.03993e+09
1.2106e+09
1.26094e+09
1.26375e+09
1.2877e+09
1.2383e+09
1.31461e+09
1.52718e+09
9.7363e+08
1.63778e+09
9.06224e+08
9.25465e+08
8.83139e+08
9.06846e+08
1.00625e+09
8.85313e+08
1.01792e+09
9.14484e+08
9.38008e+08
9.56339e+08
8.99061e+08
9.58952e+08
1.01613e+09
9.70438e+08
1.06944e+09
1.09427e+09
9.6756e+08
1.02343e+09
9.07231e+08
8.7094e+08
9.05579e+08
9.36681e+08
