582915
402066
348613
355874
523236
327883
273970
179889
207515
929925
349248
182327
182155
182078
181756
179221
186102
181885
182703
180067
180466
185396
179647
181288
179880
182380
180108
180506
180143
179167
182208
178649
182124
179947
179534
180738
179984
180421
180303
180270
182322
201213
201510
201069
200018
200725
200546
198518
199657
200063
199503
199250
200832
198923
200309
199752
198323
199774
198823
200657
200134
199310
199478
199674
200123
199336
199293
199634
198748
200115
198528
199814
198989
200460
199423
199172
199329
199102
200000
199604
198834
201805
197973
184059
179608
180924
180077
180948
180783
180037
180422
180578
179396
182462
179826
181184
180676
180401
181074
179541
181321
179405
179892
180289
179974
180377
180106
181018
179142
181529
180314
180151
180783
180655
180386
180960
179599
183246
180240
180097
180904
180913
180309
178982
180498
181324
179605
181563
178718
182479
179311
180378
179181
179816
181155
179668
179399
180438
179222
182233
179231
181388
180531
180065
179097
179253
180614
179916
191685
181329
179938
181485
178876
184273
206855
184840
182906
179294
184456
180713
180123
180757
179888
181377
179805
179873
181008
179212
182245
178821
180604
182269
179834
181571
179193
180713
179957
179459
180682
179997
181408
180425
180540
179032
179889
181552
179146
181430
180172
180306
179610
179770
180979
180213
183457
180548
180855
180484
180660
180134
182689
179014
181456
177925
190851
180251
180094
178563
177937
180848
179984
180608
179963
181639
181870
180662
184239
180217
179884
181014
179934
180378
182446
179705
180703
179572
181774
179126
181415
180309
178486
182232
179125
183350
179076
180782
179858
179863
180912
179441
180843
180170
181373
180448
180077
181018
180542
181504
180966
179523
181276
180689
180120
181785
182069
181502
180451
180802
180138
181330
179617
179808
182020
179983
180470
180663
180043
180892
179853
179405
180143
179596
180722
178829
180275
179908
179759
179675
178733
182723
177950
178431
182683
179711
181475
179631
186486
180699
181342
180812
180594
181260
180684
182963
180634
180393
182074
181578
180158
181751
179626
180858
180514
180851
180161
180747
180962
179936
182542
179430
183867
200450
355104
189036
182577
183304
181834
180905
181561
180048
181729
180240
182193
179752
180180
201424
181558
181289
181163
181032
180615
180571
180730
180758
180234
180905
180437
182628
180719
179756
187120
179874
181762
179357
181473
179961
179897
181862
179029
181272
179937
180396
181528
180761
180693
179185
182603
180170
179764
183219
181302
181239
182510
179640
180072
179564
180920
180472
179339
181654
180189
181880
179856
180846
180894
180323
180012
179565
180975
180041
180185
181259
179885
181573
181480
178802
184655
180712
181304
179515
181386
180410
179785
182084
179238
181025
180123
181593
179103
179588
181321
178494
182853
179856
182410
181401
179275
181309
180449
180225
180096
180483
181153
180693
179885
180220
179440
181907
181036
180219
180586
180070
181036
179494
181038
180669
180000
181594
179564
180774
180614
179685
179730
182599
181148
177795
181349
182960
179710
180596
179717
180196
180605
179619
180482
179933
181023
179338
182726
179902
180030
181736
179291
181778
179854
183427
179940
181447
180191
180118
180339
179028
180739
180514
180885
180740
180984
181048
180860
179594
184458
180373
180198
181852
179932
181038
179614
180729
181972
181331
181429
179763
182096
179051
180627
181217
179965
180522
180550
180725
180937
179962
183104
177746
181766
181026
180129
181691
179511
182106
180228
180891
180228
179983
181662
179325
182114
179954
180687
181320
181751
179525
180408
181582
180052
180356
180560
180480
180102
181718
179727
180978
179860
181075
180258
181936
179182
182306
181727
179549
180722
181580
180155
180810
179227
181564
179051
180593
180632
179691
180717
180698
181246
180014
179617
181219
180248
181278
180430
179942
181346
179071
181640
179791
180095
180870
180431
180685
179930
182224
179952
180340
180666
179689
180717
180443
179956
180488
180091
180391
180095
180141
180584
180756
184078
180815
179771
181069
179671
181232
178734
180948
179851
180247
180675
179419
180591
179794
187270
179025
182920
181290
181849
181323
180100
179812
180734
182407
180929
180531
180617
183055
179667
180021
180133
181562
179615
179341
181060
178813
181043
179675
179671
179754
180244
180493
179250
181665
179259
180617
180581
179984
180371
181143
179809
180619
179413
180394
180068
179676
180965
179065
184904
182672
183483
185853
182173
181759
178776
183177
179188
182705
205552
361991
185238
185913
180491
179756
179382
181164
180741
180968
179781
180198
181115
178459
181080
182555
179742
180878
179751
180264
179635
179771
180271
180126
180137
179637
181747
179580
179487
180930
179083
182758
180430
180145
179601
180020
179284
179114
180229
179624
180885
180233
180055
180389
180185
180406
180382
179478
180573
180221
180058
181189
179379
181672
178711
181349
181016
191898
179911
179837
186777
179676
180716
180767
180099
180470
179826
180345
180823
179755
179788
181427
181477
180244
180151
184748
179817
187254
184685
181210
179952
180028
182367
180756
181849
178845
181291
181948
180500
180591
180409
180595
180313
179587
180423
180685
179781
180964
179690
179814
179707
181021
179569
182619
181230
179704
181881
179380
180080
180736
178203
180468
179127
181826
179018
179285
180110
179869
180926
180473
179497
180634
179229
180621
180475
179888
184989
180465
181337
178262
184080
180452
181255
184691
180862
183060
179030
181537
179766
180171
180775
180158
180746
180336
180348
180020
180996
180090
180681
186003
181233
180320
181695
179383
180052
184106
179892
180748
179685
181290
180227
180020
180665
180152
182528
179940
180613
180902
179881
181450
179460
181972
183211
181239
180221
180608
179258
180647
180323
181270
181970
180962
180281
182711
179977
180004
189059
179814
180550
180535
181344
179977
181892
180490
180087
181439
180742
180546
181098
180042
180835
181398
180091
180689
180073
181241
181994
179073
179963
180256
184580
182474
180853
181053
180206
181214
179753
181804
179672
180529
180169
180239
181887
179497
181537
180424
180673
181591
178916
182258
180524
180185
181100
189780
191773
181148
190575
182500
180846
180516
181385
180549
181358
185223
181765
184800
181230
181680
179891
180253
185286
181803
180330
180937
181698
178037
181818
180913
180974
179548
179854
179198
179555
181650
179403
181040
180075
179854
182370
179906
181410
179697
181140
180137
179666
180833
179659
179339
180243
179958
181251
180261
180094
180521
180529
181342
178606
183490
181087
180173
181023
179932
180430
180408
180494
183777
180585
181783
179027
181433
178794
180139
181632
183435
181154
180176
179800
181000
178927
182491
179376
180647
178497
177415
184545
177767
182674
181761
183138
180204
180100
181635
180233
179678
179969
180155
180278
179648
180164
180912
193564
363322
198737
188862
180338
180641
179760
179464
182161
179203
182446
180424
179832
181633
178475
180657
180054
179627
180536
181161
182125
179240
179415
179880
179921
180009
179515
181467
