3.10134e+06
4.76637e+06
2.98881e+06
4.72093e+06
2.94642e+06
2.86526e+06
2.8336e+06
2.82705e+06
2.78713e+06
3.64189e+06
3.08849e+06
2.85008e+06
4.86444e+06
2.93132e+06
3.04877e+06
3.27659e+06
6.03122e+06
3.08938e+06
2.94018e+06
4.68753e+06
3.96375e+06
2.91275e+06
2.92027e+06
2.83528e+06
3.77037e+06
3.136e+06
2.80961e+06
5.09255e+06
2.90637e+06
3.04307e+06
2.85561e+06
2.8394e+06
4.50017e+06
2.92836e+06
5.1721e+06
2.86181e+06
2.82723e+06
2.7661e+06
3.02906e+06
3.18118e+06
4.05959e+06
2.82763e+06
4.69519e+06
3.13046e+06
2.98486e+06
3.11132e+06
3.09624e+06
3.53391e+06
3.97508e+06
3.5217e+06
5.76336e+07
3.18684e+06
2.97294e+06
3.00975e+06
3.13787e+06
4.33221e+06
3.14269e+06
4.29361e+06
3.69334e+06
3.1294e+06
3.00631e+06
3.15946e+06
3.27431e+06
4.21088e+06
3.20421e+06
5.78076e+07
2.81777e+06
2.90458e+06
2.8103e+06
3.04009e+06
3.18731e+06
4.31088e+06
3.95359e+06
4.21774e+06
2.90873e+06
2.98606e+06
2.99602e+06
3.08607e+06
4.85205e+06
3.2877e+06
5.6977e+07
3.76818e+06
3.1458e+06
2.95835e+06
2.94946e+06
2.88087e+06
4.18909e+06
4.16075e+06
4.54251e+06
2.9286e+06
2.86507e+06
2.87281e+06
2.97776e+06
5.66508e+07
3.73206e+06
2.92007e+06
5.75902e+07
3.00216e+06
2.86787e+06
2.80544e+06
2.77192e+06
3.24392e+06
3.73997e+06
2.83905e+06
4.73663e+06
2.7159e+06
5.69161e+07
2.99001e+06
2.82577e+06
2.93431e+06
3.80189e+06
2.76075e+06
3.56369e+06
3.43076e+06
2.7627e+06
2.89846e+06
2.83814e+06
2.89541e+06
3.77655e+06
3.43339e+06
2.81584e+06
4.18947e+06
3.02433e+06
2.86865e+06
2.89136e+06
2.95085e+06
4.27271e+06
3.10111e+06
3.16447e+06
4.51085e+06
2.96334e+06
3.98359e+06
3.40612e+06
3.21957e+06
4.79505e+06
3.17757e+06
4.31297e+06
3.16832e+06
3.047e+06
3.34692e+06
3.09287e+06
4.12253e+06
3.20336e+06
3.05458e+06
4.30104e+06
3.21191e+06
3.19537e+06
3.23694e+06
3.24002e+06
4.51886e+06
4.23621e+06
3.81186e+06
5.7208e+07
5.63211e+06
3.13369e+06
4.28212e+06
3.14306e+06
3.10188e+06
4.20537e+06
2.91248e+06
3.10914e+06
3.15645e+06
3.2615e+06
4.72125e+06
3.17749e+06
4.90307e+06
3.27532e+06
3.27063e+06
3.09953e+06
3.14164e+06
3.73724e+06
3.88205e+06
3.1335e+06
5.15189e+06
3.1803e+06
3.11801e+06
3.08768e+06
3.05122e+06
4.38188e+06
4.19927e+06
3.98223e+06
3.17402e+06
3.13229e+06
3.08334e+06
3.11118e+06
4.26092e+06
3.37126e+06
3.20894e+06
4.51716e+06
3.07289e+06
3.27044e+06
3.10287e+06
3.20168e+06
4.46667e+06
3.67613e+06
3.88979e+06
4.11412e+06
3.466e+06
3.03889e+06
3.12807e+06
4.48818e+06
4.28071e+06
4.46205e+06
8.7154e+06
3.05273e+06
4.96798e+06
3.28964e+06
4.27426e+06
4.34472e+06
3.89805e+06
2.95378e+06
3.097e+06
3.27516e+06
4.17676e+06
3.53917e+06
4.55238e+06
2.99979e+06
3.39484e+06
2.99561e+06
2.99718e+06
4.39356e+06
3.30065e+06
5.99478e+06
3.18061e+06
3.28835e+06
3.21634e+06
3.01339e+06
4.38907e+06
3.68398e+06
4.51606e+06
2.89034e+06
2.89471e+06
2.93768e+06
3.02932e+06
3.08707e+06
4.33018e+06
3.18229e+06
4.56775e+06
3.288e+06
3.05368e+06
3.18214e+06
2.91703e+06
4.49342e+06
2.94097e+06
3.01712e+06
5.76114e+07
3.2083e+06
3.16423e+06
3.02779e+06
3.03743e+06
4.85589e+06
3.17818e+06
4.06853e+06
3.82228e+06
3.2149e+06
3.1679e+06
3.08421e+06
3.1994e+06
4.33761e+06
5.41959e+06
3.82667e+06
3.11997e+06
3.19637e+06
3.25733e+06
1.09937e+07
4.70961e+06
3.52439e+06
3.13554e+06
4.13717e+06
3.06604e+06
4.40261e+06
3.00592e+06
4.76691e+06
2.89858e+06
2.86458e+06
2.81589e+06
2.96097e+06
3.14692e+06
5.96197e+06
3.13575e+06
3.7556e+06
3.14417e+06
3.17044e+06
3.53282e+06
3.05403e+06
4.33449e+06
3.10737e+06
4.30171e+06
3.25194e+06
3.02524e+06
2.95343e+06
3.20978e+06
3.3148e+06
4.49598e+06
3.07824e+06
4.47031e+06
3.02582e+06
3.00658e+06
3.03783e+06
2.87749e+06
3.56099e+06
3.8144e+06
3.15746e+06
5.62467e+06
2.87531e+06
3.13326e+06
3.08881e+06
2.95152e+06
4.45371e+06
4.75162e+06
3.7818e+06
3.13475e+06
3.02774e+06
3.28587e+06
3.11711e+06
4.12799e+06
3.27058e+06
3.90397e+06
3.84534e+06
3.14977e+06
3.04407e+06
3.08184e+06
3.08677e+06
4.71319e+06
3.08533e+06
4.57457e+06
3.2077e+06
3.12832e+06
3.14793e+06
3.20338e+06
4.37861e+06
3.20177e+06
3.17055e+06
4.53768e+06
3.07574e+06
3.02979e+06
3.03472e+06
2.89047e+06
3.85408e+06
5.63543e+06
3.58627e+06
2.95093e+06
2.9511e+06
2.94806e+06
3.35401e+06
3.07873e+06
4.37267e+06
3.04693e+06
4.1963e+06
3.00102e+06
2.88609e+06
3.1177e+06
4.01888e+06
4.50011e+06
5.164e+06
3.73388e+06
3.18751e+06
3.13059e+06
3.12812e+06
3.20628e+06
4.43504e+06
3.41505e+06
3.20397e+06
4.39118e+06
3.06199e+06
3.09181e+06
2.96226e+06
2.90108e+06
4.49001e+06
2.97402e+06
4.6756e+06
3.24271e+06
3.04238e+06
3.06946e+06
3.22178e+06
3.20754e+06
4.31917e+06
3.09474e+06
3.83969e+06
2.92882e+06
3.01434e+06
2.98192e+06
2.95421e+06
3.06936e+06
4.40388e+06
2.98755e+06
5.54218e+07
3.65633e+06
3.07981e+06
3.03967e+06
2.99591e+06
3.03327e+06
4.1859e+06
2.99101e+06
3.85107e+06
3.70955e+06
3.13409e+06
3.14211e+06
2.90402e+06
5.66939e+06
3.24616e+06
3.97241e+06
3.57497e+06
2.99436e+06
3.21312e+06
3.02272e+06
3.48498e+06
4.43119e+06
3.75326e+06
4.48786e+06
3.00166e+06
2.83944e+06
4.43498e+06
3.60768e+06
4.6134e+06
3.01381e+06
3.74143e+06
3.44507e+06
2.83665e+06
3.56685e+06
3.00718e+06
3.43413e+06
4.16872e+06
2.90972e+06
4.2685e+06
2.96219e+06
5.08293e+06
2.94853e+06
2.92079e+06
3.97294e+06
2.93505e+06
2.89766e+06
5.60383e+06
2.86588e+06
3.30266e+06
2.98647e+06
3.08919e+06
4.02144e+06
2.92381e+06
5.444e+06
3.01735e+06
3.19283e+06
2.94532e+06
2.93929e+06
4.24599e+06
3.05132e+06
5.96309e+06
3.2167e+06
3.07323e+06
2.94883e+06
3.55221e+06
3.02452e+06
6.06417e+06
3.19849e+06
3.74226e+06
3.31519e+06
2.93287e+06
3.21733e+06
3.18807e+06
5.04925e+06
2.81086e+06
4.94508e+06
3.03959e+06
3.11228e+06
2.97538e+06
2.96379e+06
4.47452e+06
2.98516e+06
3.37824e+06
5.03802e+06
4.74131e+06
3.02939e+06
3.20226e+06
4.46231e+06
3.17431e+06
3.06724e+06
4.72258e+06
2.96649e+06
2.93429e+06
2.9393e+06
2.89135e+06
5.16765e+06
2.88259e+06
6.54136e+06
3.15148e+06
2.95706e+06
2.98173e+06
2.92149e+06
4.82861e+06
2.94171e+06
3.4402e+06
3.92822e+06
3.04053e+06
2.85112e+06
2.93739e+06
3.08026e+06
4.18296e+06
2.91703e+06
3.69775e+06
3.49257e+06
2.81473e+06
2.89631e+06
2.77515e+06
2.90825e+06
3.75577e+06
3.02687e+06
3.00515e+06
4.55229e+06
2.94677e+06
2.98012e+06
2.85018e+06
2.89969e+06
4.34162e+06
2.98976e+06
2.9354e+06
4.57889e+06
2.92816e+06
3.2379e+06
3.03824e+06
4.11774e+06
9.71069e+06
3.88679e+06
2.99334e+06
2.88618e+06
2.84038e+06
2.88024e+06
4.30892e+06
3.00158e+06
2.85424e+06
4.06567e+06
2.9606e+06
3.09019e+06
3.23874e+06
3.01636e+06
4.13446e+06
3.95134e+06
3.07584e+06
3.64743e+06
2.98318e+06
3.06141e+06
3.09285e+06
3.48381e+06
4.73938e+06
3.36123e+06
4.84041e+06
3.35526e+06
3.0852e+06
3.19101e+06
3.24654e+06
4.34754e+06
3.24649e+06
3.77277e+06
3.70556e+06
3.07549e+06
3.22579e+06
3.08522e+06
3.27355e+06
4.87878e+06
5.606e+06
3.85698e+06
3.11072e+06
2.95813e+06
2.93503e+06
2.87625e+06
4.87047e+06
4.13808e+06
3.55388e+06
3.02786e+06
3.04008e+06
2.92523e+06
2.84335e+06
2.98045e+06
5.69674e+07
2.94753e+06
3.63176e+06
3.57385e+06
2.96138e+06
2.83673e+06
2.81929e+06
2.84333e+06
5.11552e+06
3.00609e+06
4.39942e+06
3.18913e+06
3.99463e+06
3.19806e+06
2.94448e+06
4.60521e+06
6.1624e+06
3.52458e+06
2.87727e+06
2.87009e+06
2.86319e+06
2.9168e+06
2.93433e+06
3.68395e+06
2.84023e+06
4.4937e+06
3.2041e+06
2.98761e+06
2.99484e+06
3.03639e+06
3.03539e+06
3.97411e+06
4.22739e+06
3.83267e+06
2.78532e+06
2.90048e+06
2.89454e+06
2.97699e+06
2.88741e+06
3.60968e+06
2.96428e+06
3.51621e+06
3.56622e+06
2.93356e+06
2.8917e+06
2.88879e+06
4.43353e+06
4.91545e+06
2.92462e+06
4.28144e+06
2.92214e+06
2.92791e+06
2.81179e+06
2.91072e+06
2.88971e+06
4.93077e+06
2.86315e+06
4.15134e+06
2.88859e+06
2.93766e+06
4.32567e+06
2.87528e+06
4.14978e+06
3.89447e+06
2.79879e+06
3.53971e+06
2.90981e+06
2.98339e+06
2.95898e+06
2.81143e+06
3.55397e+06
3.69291e+06
3.01533e+06
3.9273e+06
2.99987e+06
3.14763e+06
3.14719e+06
3.27268e+06
3.95874e+06
3.23155e+06
3.2499e+06
5.52392e+06
3.25745e+06
3.23761e+06
3.21733e+06
2.96068e+06
4.62911e+06
2.90624e+06
4.23584e+06
2.93383e+06
2.94899e+06
2.95132e+06
2.86372e+06
2.9229e+06
3.73793e+06
2.92888e+06
4.62172e+06
3.09785e+06
2.98484e+06
3.05497e+06
3.07855e+06
2.91144e+06
4.17635e+06
2.93482e+06
2.97778e+06
3.64982e+06
2.84671e+06
3.08255e+06
2.97036e+06
3.82827e+06
3.90827e+06
3.15459e+06
4.46717e+06
2.99141e+06
3.15314e+06
2.94848e+06
3.27428e+06
3.04211e+06
3.78015e+06
2.97925e+06
5.13618e+06
2.95286e+06
2.89019e+06
5.22864e+06
3.25334e+06
4.62951e+06
2.90565e+06
4.06649e+06
3.1989e+06
3.05188e+06
2.86835e+06
2.86641e+06
3.01007e+06
4.13421e+06
2.86671e+06
4.23836e+06
3.02252e+06
2.85849e+06
3.1298e+07
3.14369e+07
4.35611e+06
2.9459e+06
4.19918e+06
2.87278e+06
2.83489e+06
4.02269e+06
3.00953e+06
4.02541e+06
3.15177e+06
3.07133e+06
4.35142e+06
3.15435e+06
3.04764e+06
3.08373e+06
3.10974e+06
4.30956e+06
3.08864e+06
2.893e+06
4.5611e+06
3.22184e+06
3.33212e+06
3.08462e+06
3.2751e+06
5.75381e+07
2.98074e+06
4.36118e+06
4.21644e+06
3.19904e+06
3.03117e+06
2.92888e+06
4.30354e+06
3.26008e+06
3.11031e+06
4.3882e+06
2.87552e+06
3.24269e+06
2.91343e+06
2.87592e+06
4.06012e+06
3.95106e+06
2.9929e+06
3.67746e+06
3.02468e+06
3.08026e+06
3.04044e+06
3.02586e+06
4.47756e+06
4.03683e+06
4.05082e+06
4.32062e+06
3.17235e+06
3.07565e+06
2.9706e+06
5.60555e+06
3.05672e+06
4.08731e+06
2.95877e+06
2.86027e+06
2.84223e+06
2.91612e+06
2.996e+06
4.08732e+06
2.90202e+06
2.79272e+06
4.11744e+06
2.91724e+06
2.9198e+06
2.8149e+06
2.83511e+06
3.5259e+06
3.5893e+06
3.61637e+06
3.75252e+06
3.03311e+06
2.93735e+06
2.84508e+06
2.94276e+06
2.86413e+06
4.71345e+06
3.06422e+06
3.66145e+06
2.88332e+06
2.8988e+06
3.00482e+06
2.91991e+06
3.03757e+06
4.26782e+06
2.95039e+06
4.39311e+06
3.44936e+06
2.89557e+06
3.76408e+06
2.87254e+06
5.11399e+06
3.29426e+06
5.64046e+06
3.40691e+06
2.80165e+06
3.26009e+06
3.10355e+06
4.69794e+06
3.23007e+06
5.10822e+06
3.23341e+06
3.04098e+06
3.17409e+06
3.06722e+06
3.11863e+06
3.94277e+06
3.23233e+06
5.18369e+06
3.16185e+06
3.06537e+06
3.20562e+06
3.11056e+06
4.23799e+06
3.8358e+06
2.85586e+06
3.50749e+06
2.91705e+06
3.01633e+06
2.92808e+06
3.06814e+06
4.41896e+06
3.0712e+06
2.9296e+06
4.28747e+06
2.91412e+06
3.06176e+06
2.96855e+06
2.91053e+06
4.37345e+06
3.02932e+06
3.13377e+06
4.52543e+06
3.26336e+06
3.79874e+06
3.2499e+06
4.55804e+06
3.12902e+06
3.00352e+06
4.55461e+06
3.32675e+06
3.50132e+06
2.95824e+06
3.30305e+06
4.04295e+06
2.96904e+06
3.68131e+06
3.49312e+06
3.78057e+06
2.90731e+06
3.02568e+06
3.04899e+06
4.49485e+06
3.77951e+06
3.74028e+06
3.21689e+06
3.12848e+06
3.36993e+06
2.96869e+06
3.89155e+06
3.1502e+06
3.73875e+06
3.94507e+06
2.98167e+06
2.89642e+06
2.93937e+06
3.07622e+06
4.33105e+06
3.14065e+06
3.88428e+06
3.51879e+06
3.60751e+06
2.96924e+06
2.87554e+06
2.96471e+06
5.17061e+06
4.50707e+06
4.73513e+06
4.55076e+06
3.2306e+06
5.62052e+07
3.17625e+06
3.63974e+06
3.83031e+06
3.52034e+06
3.06243e+06
2.8015e+06
2.82095e+06
2.77243e+06
2.95838e+06
4.15163e+06
3.91587e+06
3.52244e+06
3.08339e+06
2.90882e+06
2.98677e+06
2.91168e+06
3.07897e+06
5.69759e+07
2.91494e+06
2.78816e+06
4.6223e+06
2.97541e+06
2.87462e+06
2.85875e+06
2.87311e+06
4.92818e+06
3.83636e+06
4.69648e+06
3.15878e+06
3.95426e+06
2.93253e+06
2.91227e+06
4.20975e+06
3.11629e+06
2.86618e+06
4.62183e+06
2.97462e+06
2.97294e+06
5.56624e+06
4.47267e+06
3.26237e+06
3.05034e+06
5.38648e+06
3.9608e+06
2.84773e+06
2.91507e+06
2.96551e+06
4.35067e+06
2.96377e+06
4.41512e+06
3.00679e+06
2.90267e+06
2.88309e+06
2.84876e+06
2.90058e+06
4.10474e+06
2.80938e+06
4.31337e+06
2.95353e+06
2.8069e+06
2.87168e+06
2.90189e+06
2.90037e+06
4.21027e+06
3.19491e+06
4.41866e+06
2.88622e+06
2.96885e+06
2.89833e+06
2.95582e+06
3.60709e+06
4.44029e+06
3.5291e+06
3.9867e+06
2.98167e+06
2.94844e+06
2.91317e+06
3.16882e+06
3.10368e+06
4.31222e+06
2.99786e+06
3.73799e+06
2.94377e+06
2.86093e+06
2.92282e+06
2.86642e+06
3.00091e+06
4.12141e+06
3.02072e+06
3.59019e+06
3.71918e+06
3.06659e+06
2.98645e+06
2.90101e+06
2.94316e+06
4.24001e+06
3.2722e+06
4.34497e+06
2.93967e+06
3.43038e+06
3.80556e+06
2.8301e+06
2.9931e+06
4.91386e+06
3.04255e+06
