17182.5
13318.6
13404.9
13267.1
13311.1
13280.2
13263
13251.3
13278.1
13282.7
13276
13286.4
13277.5
13270.4
13280.7
13272.2
13249.5
13265.3
13269.3
13264.8
13255.8
13270.7
13269.5
13255.2
13274.5
13269.5
13258.6
13335.1
13268.3
13258.5
13255.9
13267.5
13260.2
13278.8
13260
13254
13279
13257.9
373037
13172.3
13129.9
13134.6
13117.1
13139.9
13150
13114.7
13149.1
13136
13115.2
13118.3
13120.4
13094.5
13087.9
13129.9
13084.9
13108.7
13091.5
13109.3
13095.8
13098
13099.8
13122.7
13111.1
13101.9
13090.3
13125.1
13121.3
13093.3
13102.5
13197.1
13099.7
13127.2
13111.7
13120
13097.7
13096.5
13112.2
13132.8
13580.9
13098.3
13114.1
13077.8
13110.2
13116.7
13101.6
13092.5
13106.6
13088.5
13075.6
13107.2
13127.2
13119.7
13132.1
13097.1
13160.8
13122.8
13130.1
13110.8
13149
13128.1
13108.7
13109.9
17264
13187.1
13178.7
13146.7
13116.8
13154.3
13141.1
13145.7
13142.4
13131
13133.7
13138.8
13135.2
13162.6
13127.9
13651.6
14934.5
14950.7
14935.3
191511
14982
15070.5
15047.3
15018.6
15059.8
15007.2
15047
15025.9
15014
14979.9
14956.3
14972.4
14972.8
14970.9
14958.2
239759
20031
20011.5
19308.5
18285.4
17938
36782.7
17370.8
16996.7
17533
17821.9
17264.6
17107.9
17178.7
18178.8
18254.1
22489.5
16149.7
16100.3
16105.6
18239.9
14996.8
15022.3
15007.5
14981
14992.7
15059.8
15020.1
14998
14975.1
15057.4
15038.4
14992.2
14994.2
14995
14980.4
15017.2
15005.1
15023.1
14981.7
15010.1
15021.6
14994.7
15034
14428.9
12825.9
12817.9
12798.5
12797.7
12814
12822.9
12803.6
12839
12869.3
12821.8
12822.3
12813.7
12823.4
12813.7
12810.4
12822.6
12826.8
12813.1
12828.6
12819.9
12816.2
12797
12847.3
12818.5
12806.1
12820.5
12816.3
12814.9
14306.8
12818
12805.1
12802.5
12841
12856.5
12785.8
12809.8
12790.8
12809.8
12813.6
12812.8
12800.6
12804.8
12800.6
12810.2
12821.7
12817.9
12799.4
12801.6
12805
12807.7
12814.6
12806.7
12837.8
12803.6
12840.7
12814.3
12828
12806.9
12849.3
12825.8
12839.2
12811.3
12814.8
12821.4
12767.7
12794.4
12823.5
12809.2
12830.3
12817.8
12804.8
12819.4
12803
12824.7
12806.6
12818.1
12822
12846.7
12805.2
12828.6
12825.6
256047
15418.4
15102.3
14853.5
14841.1
19151.7
14782.6
14741.3
14919.7
14642.6
14819.3
14665.3
14933.3
14560.3
14837.2
14502.6
14582.6
15068
14723.3
14596.7
14793.7
14386.5
14700.2
14394.9
15149.2
15490.9
14687.9
15011.7
14717.7
14453.3
14724.4
14520.3
14668.5
14671.2
14753.6
14693.1
14803.2
