2.33034e+06
2.21018e+06
1.96165e+06
1.96355e+06
2.48559e+06
1.91779e+06
1.89555e+06
1.85988e+06
2.14982e+06
2.37546e+06
1.90229e+06
1.95401e+06
1.98569e+06
1.99171e+06
2.86452e+06
1.94543e+06
2.08088e+06
2.08237e+06
1.81479e+06
2.43386e+06
1.99494e+06
1.86444e+06
1.85127e+06
1.82792e+06
2.31287e+06
2.29618e+06
1.87722e+06
2.01387e+06
2.02062e+06
2.25035e+06
1.97341e+06
1.96198e+06
2.22995e+06
1.88487e+06
2.46833e+06
2.11769e+06
2.00396e+06
6.86939e+06
2.42281e+06
1.89121e+06
2.18458e+06
2.40893e+06
2.11762e+06
2.24976e+06
1.83892e+06
1.89303e+06
2.30181e+06
1.81445e+06
1.88184e+06
1.89634e+06
1.99675e+06
2.27668e+06
1.84742e+06
1.88605e+06
2.2122e+06
1.87713e+06
1.94242e+06
2.19811e+06
1.91705e+06
1.89133e+06
2.09911e+06
2.0934e+06
2.05793e+06
2.05702e+06
1.84248e+06
2.55587e+06
2.44143e+06
2.49301e+06
2.09845e+06
1.92438e+06
1.9173e+06
2.16595e+06
1.91181e+06
2.04521e+06
2.06163e+06
2.27834e+06
2.20987e+06
2.06204e+06
1.95552e+06
2.06916e+06
1.88886e+06
2.41441e+06
1.82968e+06
1.84323e+06
1.86206e+06
1.82074e+06
3.30214e+06
1.87121e+06
1.84566e+06
1.83549e+06
1.80853e+06
2.46159e+06
1.92658e+06
1.91285e+06
1.92683e+06
1.88454e+06
2.28182e+06
1.98837e+06
1.93298e+06
1.97068e+06
1.91607e+06
2.36021e+06
1.9738e+06
1.83728e+06
1.832e+06
1.83198e+06
2.35488e+06
1.86774e+06
2.17274e+06
1.91362e+06
2.12457e+06
2.35518e+06
1.86717e+06
2.07032e+06
1.92712e+06
1.97979e+06
2.39293e+06
1.86658e+06
1.92333e+06
1.9091e+06
1.92573e+06
2.43216e+06
1.98437e+06
1.87921e+06
1.86814e+06
1.8052e+06
2.09711e+06
2.09571e+06
1.84117e+06
1.83728e+06
1.84539e+06
1.88077e+06
7.85789e+06
3.57736e+06
1.87276e+06
1.91407e+06
1.8113e+06
1.97518e+06
1.98712e+06
2.07552e+06
1.8186e+06
1.87804e+06
2.16868e+06
2.17834e+06
2.16909e+06
1.79583e+06
1.91219e+06
1.8316e+06
1.84482e+06
2.20711e+06
1.9721e+06
1.90883e+06
1.86216e+06
1.97092e+06
2.50113e+06
2.06213e+06
2.01231e+06
2.11479e+06
1.97975e+06
2.35255e+06
1.96003e+06
2.15026e+06
2.38844e+06
2.04244e+06
2.22351e+06
2.06242e+06
1.93603e+06
1.93072e+06
2.12243e+06
2.40027e+06
2.01805e+06
1.86391e+06
2.40183e+06
2.25149e+06
1.83769e+06
2.04419e+06
1.95889e+06
1.90835e+06
2.0441e+06
2.16194e+06
1.88666e+06
3.27202e+06
2.01479e+06
2.38823e+06
1.99052e+06
2.03065e+06
2.05814e+06
1.94328e+06
2.45425e+06
2.16999e+06
3.21021e+06
1.95118e+06
2.5326e+06
1.9291e+06
2.04295e+06
2.09549e+06
1.95273e+06
2.27703e+06
1.93356e+06
2.01901e+06
1.94898e+06
1.84782e+06
2.2865e+06
2.85242e+06
1.89723e+06
2.27495e+06
2.81035e+06
2.40343e+06
2.85622e+06
2.51576e+06
4.69742e+06
2.39497e+06
2.16439e+06
2.1014e+06
2.88948e+06
2.05084e+06
2.61109e+06
1.84734e+06
2.09843e+06
1.86181e+06
1.82154e+06
3.03443e+06
2.54363e+06
2.15902e+06
2.89373e+06
2.00527e+06
2.82876e+06
2.36565e+06
2.05387e+06
2.30593e+06
2.68938e+06
3.07486e+06
2.07576e+06
2.03101e+06
2.07992e+06
2.34993e+06
2.69835e+06
2.84907e+06
2.31527e+06
2.86866e+06
2.66606e+06
2.40428e+06
2.22466e+06
2.34553e+06
2.25441e+06
2.00047e+06
1.85668e+06
2.1228e+06
2.12063e+06
2.15492e+06
1.92152e+06
1.90056e+06
2.05484e+06
2.19393e+06
2.60294e+06
2.46151e+06
2.20725e+06
1.93384e+06
2.57773e+06
2.19199e+06
1.91759e+06
2.05546e+06
1.93194e+06
2.72396e+06
2.00557e+06
1.9068e+06
2.04105e+06
2.01232e+06
3.13935e+06
2.21035e+06
1.82346e+06
1.90968e+06
2.36133e+06
1.91856e+06
1.8814e+06
1.93867e+06
2.11766e+06
2.31178e+06
2.10456e+06
1.88589e+06
1.89075e+06
1.97607e+06
2.8534e+06
2.45754e+06
2.30656e+06
2.34269e+06
2.6662e+06
2.15713e+06
1.85342e+06
1.85782e+06
1.83072e+06
2.31806e+06
1.82794e+06
1.85727e+06
2.03375e+06
1.92646e+06
2.03876e+06
2.09975e+06
1.90426e+06
2.17163e+06
1.87359e+06
2.5288e+06
1.96246e+06
1.90305e+06
1.87178e+06
2.18604e+06
2.62844e+06
2.20651e+06
2.19178e+06
2.28561e+06
2.19265e+06
2.37193e+06
1.8066e+06
1.86793e+06
2.02459e+06
3.26319e+06
1.89319e+06
1.91761e+06
2.05938e+06
1.94582e+06
2.35756e+06
1.89266e+06
1.88806e+06
1.87173e+06
1.90905e+06
2.13582e+06
2.19832e+06
1.91646e+06
1.958e+06
1.88193e+06
2.26323e+06
2.24011e+06
1.99862e+06
1.94334e+06
1.91826e+06
2.05108e+06
2.22189e+06
2.05194e+06
1.92684e+06
2.36069e+06
2.33801e+06
1.94144e+06
2.03192e+06
1.88183e+06
1.8506e+06
1.99967e+06
2.12048e+06
2.15095e+06
1.90289e+06
2.31679e+06
2.02311e+06
2.20554e+06
2.16581e+06
1.83537e+06
2.13055e+06
2.46176e+06
1.88327e+06
2.18073e+06
1.85918e+06
1.91275e+06
2.18867e+06
1.92483e+06
1.96107e+06
3.04702e+06
1.87917e+06
2.19108e+06
1.90995e+06
1.83274e+06
1.85048e+06
1.86572e+06
2.34172e+06
1.84879e+06
1.95697e+06
1.81407e+06
1.84963e+06
2.06524e+06
2.11917e+06
1.91827e+06
1.93349e+06
1.87239e+06
2.04283e+06
2.12747e+06
1.94468e+06
2.12876e+06
2.00166e+06
2.03836e+06
2.06511e+06
1.83542e+06
1.87461e+06
2.37121e+06
3.80284e+06
2.26428e+06
2.6318e+06
2.16928e+06
3.28164e+06
2.24324e+06
1.96782e+06
2.2249e+06
2.26376e+06
2.32542e+06
1.81751e+06
1.99919e+06
2.0735e+06
1.97022e+06
2.1388e+06
1.95021e+06
1.878e+06
1.93808e+06
2.33035e+06
2.1e+06
2.53181e+06
2.25891e+06
3.37266e+06
3.72778e+06
2.13315e+06
2.12128e+06
2.38827e+06
2.43484e+06
2.07572e+06
2.0059e+06
1.9337e+06
3.06359e+06
2.262e+06
1.98439e+06
1.83702e+06
1.84839e+06
2.0713e+06
1.96394e+06
3.05646e+06
3.71411e+06
2.16344e+06
1.92653e+06
1.82098e+06
1.84839e+06
1.79853e+06
2.13233e+06
1.86291e+06
1.99067e+06
1.85812e+06
1.88109e+06
2.13749e+06
2.24427e+06
2.2936e+06
2.80984e+06
2.47122e+06
2.68716e+06
2.61158e+06
2.07885e+06
2.14142e+06
2.52684e+06
2.18747e+06
2.22194e+06
2.20914e+06
2.46921e+06
2.71481e+06
2.27377e+06
2.31961e+06
1.99897e+06
2.44832e+06
2.47671e+06
2.23479e+06
2.14773e+06
2.98986e+06
2.19248e+06
2.53509e+06
5.17859e+06
2.46145e+06
2.53573e+06
2.45284e+06
2.98573e+06
2.66316e+06
2.18592e+06
2.39017e+06
2.96013e+06
2.62597e+06
2.21506e+06
2.96644e+06
2.89074e+06
2.38004e+06
2.23753e+06
3.96136e+06
2.17141e+06
1.9616e+06
2.49152e+06
2.20094e+06
2.39286e+06
2.02007e+06
1.87095e+06
1.96349e+06
1.87441e+06
2.44953e+06
2.05348e+06
1.98722e+06
1.90032e+06
1.92232e+06
3.43142e+06
2.0153e+06
1.86763e+06
2.1819e+06
2.36146e+06
2.00905e+06
2.27936e+06
1.92555e+06
1.93359e+06
2.28764e+06
1.9095e+06
2.04854e+06
1.90765e+06
1.96414e+06
3.17892e+06
2.02432e+06
2.19386e+06
2.05626e+06
2.2127e+06
2.15155e+06
2.19284e+06
1.89162e+06
1.90233e+06
2.06169e+06
2.19652e+06
1.90629e+06
1.91167e+06
2.09129e+06
1.84011e+06
2.19566e+06
1.98059e+06
1.89703e+06
2.08643e+06
1.91729e+06
2.40035e+06
1.92677e+06
1.88635e+06
1.94866e+06
2.09374e+06
2.49245e+06
1.84239e+06
1.95828e+06
2.09392e+06
1.82664e+06
2.2788e+06
1.94201e+06
1.92632e+06
3.09598e+06
2.41399e+06
1.86537e+06
1.9053e+06
1.93994e+06
1.98419e+06
2.00861e+06
2.2537e+06
1.89777e+06
1.83554e+06
1.87299e+06
1.95634e+06
2.32177e+06
1.85001e+06
1.894e+06
1.83651e+06
1.82802e+06
2.24915e+06
1.83215e+06
1.88433e+06
1.95832e+06
1.81668e+06
2.22962e+06
1.94396e+06
1.96602e+06
1.87462e+06
2.05706e+06
2.51828e+06
1.9639e+06
1.90204e+06
1.85088e+06
1.8887e+06
2.33056e+06
1.82879e+06
1.91848e+06
1.8565e+06
2.0285e+06
2.28986e+06
1.80608e+06
1.90738e+06
1.87518e+06
2.11018e+06
2.03486e+06
2.09254e+06
1.85653e+06
1.84956e+06
1.82953e+06
1.84233e+06
2.15537e+06
2.12905e+06
3.22678e+06
2.19339e+06
2.44598e+06
1.94194e+06
2.09441e+06
2.22614e+06
2.3726e+06
2.23375e+06
2.10148e+06
2.31059e+06
2.83304e+06
2.53741e+06
2.32292e+06
2.50546e+06
1.91435e+06
2.23682e+06
2.09554e+06
1.80336e+06
1.84573e+06
1.90749e+06
2.30426e+06
2.33864e+06
1.8428e+06
2.1009e+06
2.01856e+06
2.06028e+06
2.1606e+06
1.90688e+06
3.6164e+06
4.4751e+06
1.89822e+06
2.08841e+06
1.91155e+06
1.89326e+06
2.27591e+06
3.38713e+06
3.80956e+06
2.3105e+06
1.82446e+06
2.10348e+06
1.9321e+06
1.85436e+06
2.32836e+06
2.69985e+06
1.91846e+06
2.26452e+06
1.93162e+06
2.36899e+06
1.92781e+06
1.92593e+06
1.94897e+06
1.87932e+06
2.45208e+06
1.87841e+06
1.85837e+06
2.16836e+06
1.99304e+06
2.28525e+06
2.09238e+06
1.89824e+06
2.89012e+06
2.01549e+06
2.08661e+06
1.84791e+06
1.82831e+06
1.86287e+06
1.86243e+06
2.19123e+06
1.84903e+06
1.96132e+06
1.8556e+06
1.97634e+06
2.28016e+06
1.8841e+06
1.928e+06
1.89936e+06
1.88868e+06
2.32076e+06
2.29025e+06
2.00534e+06
2.34963e+06
1.89785e+06
2.11442e+06
2.01992e+06
1.89234e+06
1.96503e+06
1.83694e+06
2.2536e+06
1.84639e+06
1.85399e+06
2.03498e+06
2.19002e+06
3.28892e+06
1.80574e+06
1.91296e+06
2.09086e+06
1.98746e+06
2.24654e+06
1.96503e+06
1.82769e+06
1.97352e+06
2.05436e+06
2.22621e+06
1.9e+06
1.928e+06
2.11766e+06
1.87605e+06
2.42301e+06
1.89639e+06
1.83908e+06
1.87525e+06
1.84855e+06
2.29448e+06
1.84776e+06
1.97246e+06
1.87053e+06
2.11337e+06
2.28473e+06
1.84173e+06
2.21671e+06
1.91698e+06
1.36147e+07
6.91874e+06
1.58945e+07
2.1334e+06
2.2409e+06
1.46168e+07
1.54947e+07
1.89551e+06
2.07252e+06
1.37832e+07
2.02553e+06
1.33625e+07
1.8591e+06
1.39281e+07
1.97617e+06
1.70476e+07
6.12464e+06
1.36683e+07
1.88351e+06
2.92906e+06
2.06261e+06
1.96519e+06
2.14521e+06
1.33691e+07
2.2295e+06
1.97542e+06
2.67535e+06
1.93017e+06
1.97838e+06
2.05875e+06
2.11956e+06
2.15963e+06
2.16634e+06
1.99292e+06
1.9892e+06
1.97113e+06
2.22166e+06
2.21406e+06
1.92083e+06
2.20988e+06
2.35346e+06
1.98468e+06
1.97751e+06
2.05626e+06
1.98147e+06
2.30677e+06
2.34953e+06
2.08437e+06
2.09799e+06
1.9331e+06
2.40403e+06
3.06885e+06
1.90504e+06
2.12374e+06
1.99118e+06
2.18205e+06
1.94058e+06
1.89128e+06
2.08302e+06
2.09261e+06
2.31379e+06
2.06009e+06
1.96677e+06
1.99339e+06
2.41355e+06
1.90243e+06
1.96675e+06
1.86998e+06
1.80148e+06
2.06591e+06
2.23406e+06
1.85644e+06
1.81301e+06
2.14219e+06
2.13453e+06
2.08897e+06
1.94794e+06
1.86488e+06
2.15667e+06
2.18751e+06
2.15793e+06
1.82688e+06
1.94608e+06
2.00616e+06
2.15159e+06
2.15628e+06
1.87981e+06
1.87137e+06
2.02914e+06
1.89936e+06
2.50301e+06
2.05325e+06
1.92873e+06
1.93527e+06
1.8892e+06
2.29408e+06
1.87594e+06
1.93676e+06
2.11553e+06
2.61496e+06
3.03149e+06
2.66211e+06
3.09393e+06
3.36426e+06
1.86876e+06
2.38885e+06
2.10037e+06
2.09601e+06
2.19031e+06
7.21595e+06
2.59436e+06
1.98798e+06
2.03019e+06
2.16797e+06
1.9391e+06
2.11992e+06
1.92358e+06
1.93066e+06
2.31463e+06
1.87507e+06
2.11832e+06
1.93568e+06
1.88819e+06
2.05445e+06
1.90978e+06
2.14529e+06
1.89869e+06
1.93603e+06
2.08033e+06
2.89304e+06
2.13631e+06
1.98213e+06
1.89163e+06
1.98341e+06
1.88671e+06
2.26561e+06
1.86967e+06
2.0607e+06
2.62035e+06
2.96279e+06
2.58894e+06
2.16679e+06
2.30357e+06
3.12993e+06
1.95295e+06
1.98116e+06
2.07354e+06
1.91307e+06
2.39009e+06
6.44968e+06
1.95532e+06
2.33994e+06
1.94609e+06
2.00491e+06
2.03805e+06
1.93018e+06
2.34293e+06
1.97349e+06
1.91514e+06
2.09519e+06
1.87477e+06
2.33471e+06
1.89991e+06
2.10933e+06
2.20974e+06
2.09355e+06
2.16565e+06
1.88685e+06
1.93281e+06
1.8685e+06
1.98657e+06
2.36868e+06
1.89894e+06
2.01508e+06
2.2618e+06
1.98929e+06
2.29356e+06
1.98741e+06
2.02902e+06
2.01527e+06
2.01971e+06
2.1761e+06
1.86908e+06
1.91701e+06
2.06462e+06
2.24188e+06
2.15464e+06
1.95706e+06
2.04817e+06
3.10021e+06
2.411e+06
1.91214e+06
1.95612e+06
2.02292e+06
2.06134e+06
2.49611e+06
1.94919e+06
1.99907e+06
2.15737e+06
2.1635e+06
2.38169e+06
1.9388e+06
1.99083e+06
2.01047e+06
2.31958e+06
2.21936e+06
2.04078e+06
2.15422e+06
2.25551e+06
2.53766e+06
1.98738e+06
2.06164e+06
1.9927e+06
1.99934e+06
2.35732e+06
2.04228e+06
2.15075e+06
2.00523e+06
1.99264e+06
2.55551e+06
2.06375e+06
2.23187e+06
1.95762e+06
2.1389e+06
2.21751e+06
1.98174e+06
2.2345e+06
2.20975e+06
2.46842e+06
1.88818e+06
2.00714e+06
1.88732e+06
2.04744e+06
1.90548e+06
2.17324e+06
2.71526e+06
2.01202e+06
1.98747e+06
2.47482e+06
1.97936e+06
2.90852e+06
2.37614e+06
2.39177e+06
1.99401e+06
2.01388e+06
2.06171e+06
2.38726e+06
2.58765e+06
1.90348e+06
2.57045e+06
2.97451e+06
2.72084e+06
2.46163e+06
2.61849e+06
2.1151e+06
2.60526e+06
1.90378e+06
2.07531e+06
2.15518e+06
2.1407e+06
2.33806e+06
4.21492e+06
2.70293e+06
2.14785e+06
2.17644e+06
2.03573e+06
3.30796e+06
3.18809e+06
1.8661e+06
2.04925e+06
1.9136e+06
1.95135e+06
2.45066e+06
2.45821e+06
2.37039e+06
2.6299e+06
3.04861e+06
3.16324e+06
2.04778e+06
2.04035e+06
2.08471e+06
2.57959e+06
2.00363e+06
2.96428e+06
1.89586e+06
2.37425e+06
1.90045e+06
