6.04191e+06
5.73036e+06
5.086e+06
5.09093e+06
6.44443e+06
4.97227e+06
4.9146e+06
4.82213e+06
5.57387e+06
6.15889e+06
4.93208e+06
5.06618e+06
5.14832e+06
5.16392e+06
7.42688e+06
5.04394e+06
5.39512e+06
5.39898e+06
4.70523e+06
6.31029e+06
5.17231e+06
4.83396e+06
4.7998e+06
4.73926e+06
5.9966e+06
5.95333e+06
4.86708e+06
5.22138e+06
5.23889e+06
5.8345e+06
5.11647e+06
5.08686e+06
5.78163e+06
4.88694e+06
6.39968e+06
5.49056e+06
5.19569e+06
1.78104e+07
6.28164e+06
4.90335e+06
5.66398e+06
6.24566e+06
5.49038e+06
5.83297e+06
4.76779e+06
4.90807e+06
5.96794e+06
4.70436e+06
4.87906e+06
4.91666e+06
5.17699e+06
5.90276e+06
4.78982e+06
4.88998e+06
5.7356e+06
4.86686e+06
5.03615e+06
5.69906e+06
4.97035e+06
4.90367e+06
5.44238e+06
5.42759e+06
5.33561e+06
5.33327e+06
4.77701e+06
6.62664e+06
6.32994e+06
6.46366e+06
5.44069e+06
4.98937e+06
4.97102e+06
5.61569e+06
4.95676e+06
5.30263e+06
5.3452e+06
5.90707e+06
5.72956e+06
5.34627e+06
5.07011e+06
5.36475e+06
4.89728e+06
6.25987e+06
4.74383e+06
4.77898e+06
4.82779e+06
4.72066e+06
8.5615e+06
4.85151e+06
4.78526e+06
4.75889e+06
4.68899e+06
6.38218e+06
4.99506e+06
4.95948e+06
4.99572e+06
4.88607e+06
5.91611e+06
5.15528e+06
5.01166e+06
5.10941e+06
4.96782e+06
6.11935e+06
5.11749e+06
4.76353e+06
4.74985e+06
4.74979e+06
6.10552e+06
4.84252e+06
5.63328e+06
4.96148e+06
5.50839e+06
6.1063e+06
4.84102e+06
5.36775e+06
4.99647e+06
5.13303e+06
6.20418e+06
4.83949e+06
4.98665e+06
4.94976e+06
4.99285e+06
6.30589e+06
5.1449e+06
4.87225e+06
4.84354e+06
4.68037e+06
5.4372e+06
5.43357e+06
4.77363e+06
4.76355e+06
4.78456e+06
4.8763e+06
2.03732e+07
9.27507e+06
4.85552e+06
4.96263e+06
4.69618e+06
5.12108e+06
5.15203e+06
5.38122e+06
4.71511e+06
4.86921e+06
5.62275e+06
5.64782e+06
5.62382e+06
4.65607e+06
4.95776e+06
4.74881e+06
4.78309e+06
5.72241e+06
5.11309e+06
4.94906e+06
4.82804e+06
5.11003e+06
6.4847e+06
5.3465e+06
5.21734e+06
5.48305e+06
5.13293e+06
6.09948e+06
5.08178e+06
5.57501e+06
6.19255e+06
5.29545e+06
5.76493e+06
5.34726e+06
5.01957e+06
5.00579e+06
5.50285e+06
6.2232e+06
5.23223e+06
4.83258e+06
6.22725e+06
5.83747e+06
4.7646e+06
5.3e+06
5.07884e+06
4.94781e+06
5.29975e+06
5.60528e+06
4.89157e+06
8.4834e+06
5.22378e+06
6.192e+06
5.16085e+06
5.2649e+06
5.33617e+06
5.03835e+06
6.36316e+06
5.62616e+06
8.32316e+06
5.05884e+06
6.56629e+06
5.00161e+06
5.29677e+06
5.433e+06
5.06287e+06
5.90368e+06
5.01317e+06
5.23472e+06
5.05315e+06
4.79086e+06
5.92823e+06
7.3955e+06
4.91896e+06
5.8983e+06
7.28641e+06
6.23139e+06
7.40534e+06
6.52264e+06
1.21791e+07
6.20947e+06
5.61163e+06
5.44831e+06
7.49158e+06
5.31724e+06
6.7698e+06
4.78961e+06
5.44062e+06
4.82713e+06
4.72272e+06
7.86741e+06
6.5949e+06
5.59772e+06
7.50261e+06
5.1991e+06
7.33416e+06
6.13345e+06
5.3251e+06
5.97861e+06
6.9728e+06
7.97222e+06
5.38184e+06
5.26583e+06
5.39263e+06
6.09269e+06
6.99603e+06
7.38683e+06
6.00284e+06
7.4376e+06
6.91232e+06
6.23362e+06
5.7679e+06
6.08127e+06
5.84504e+06
5.18665e+06
4.81385e+06
5.5038e+06
5.49818e+06
5.58707e+06
4.98194e+06
4.92761e+06
5.3276e+06
5.68824e+06
6.74867e+06
6.38199e+06
5.72277e+06
5.0139e+06
6.6833e+06
5.6832e+06
4.97177e+06
5.3292e+06
5.00897e+06
7.06244e+06
5.19986e+06
4.94379e+06
5.29185e+06
5.21735e+06
8.13943e+06
5.7308e+06
4.72769e+06
4.95124e+06
6.12226e+06
4.97428e+06
4.87793e+06
5.02642e+06
5.49048e+06
5.99379e+06
5.45651e+06
4.88957e+06
4.90218e+06
5.12339e+06
7.39803e+06
6.3717e+06
5.98024e+06
6.07393e+06
6.91268e+06
5.59281e+06
4.80538e+06
4.81679e+06
4.74653e+06
6.01007e+06
4.73932e+06
4.81536e+06
5.27291e+06
4.99475e+06
5.28591e+06
5.44405e+06
4.9372e+06
5.63042e+06
4.85767e+06
6.55646e+06
5.0881e+06
4.93407e+06
4.85298e+06
5.66777e+06
6.81477e+06
5.72084e+06
5.68264e+06
5.92592e+06
5.68492e+06
6.14974e+06
4.684e+06
4.84299e+06
5.24918e+06
8.46052e+06
4.90849e+06
4.9718e+06
5.33938e+06
5.04496e+06
6.11246e+06
4.90712e+06
4.89519e+06
4.85286e+06
4.94963e+06
5.53757e+06
5.69961e+06
4.96883e+06
5.07653e+06
4.87931e+06
5.86791e+06
5.80797e+06
5.18185e+06
5.03853e+06
4.97349e+06
5.31787e+06
5.76073e+06
5.3201e+06
4.99574e+06
6.12059e+06
6.0618e+06
5.03359e+06
5.26819e+06
4.87905e+06
4.79808e+06
5.18456e+06
5.49779e+06
5.57679e+06
4.93366e+06
6.00677e+06
5.24533e+06
5.71832e+06
5.61532e+06
4.75859e+06
5.52391e+06
6.38265e+06
4.88278e+06
5.65401e+06
4.82032e+06
4.95922e+06
5.6746e+06
4.99053e+06
5.08449e+06
7.90006e+06
4.87214e+06
5.68084e+06
4.95195e+06
4.75176e+06
4.79776e+06
4.83726e+06
6.0714e+06
4.79337e+06
5.07387e+06
4.70337e+06
4.79555e+06
5.35457e+06
5.49439e+06
4.97353e+06
5.01298e+06
4.85457e+06
5.29648e+06
5.5159e+06
5.04199e+06
5.51926e+06
5.18972e+06
5.28487e+06
5.35424e+06
4.75872e+06
4.86033e+06
6.14787e+06
9.85966e+06
5.87063e+06
6.82351e+06
5.62433e+06
8.50834e+06
5.81609e+06
5.10198e+06
5.76852e+06
5.86927e+06
6.02915e+06
4.71228e+06
5.18331e+06
5.37599e+06
5.10821e+06
5.54528e+06
5.05634e+06
4.86911e+06
5.02489e+06
6.04193e+06
5.4447e+06
6.56426e+06
5.8567e+06
8.74434e+06
9.66506e+06
5.53065e+06
5.49987e+06
6.19208e+06
6.31283e+06
5.38175e+06
5.20073e+06
5.01353e+06
7.94302e+06
5.86473e+06
5.14495e+06
4.76285e+06
4.79235e+06
5.37027e+06
5.09194e+06
7.92452e+06
9.62962e+06
5.60916e+06
4.99493e+06
4.72127e+06
4.79235e+06
4.66306e+06
5.52851e+06
4.82998e+06
5.16123e+06
4.81758e+06
4.87714e+06
5.54189e+06
5.81874e+06
5.94664e+06
7.28509e+06
6.40717e+06
6.96702e+06
6.77107e+06
5.38986e+06
5.55208e+06
6.55137e+06
5.67148e+06
5.76084e+06
5.72766e+06
6.40196e+06
7.03872e+06
5.89523e+06
6.01407e+06
5.18275e+06
6.34778e+06
6.4214e+06
5.79416e+06
5.56846e+06
7.75185e+06
5.68446e+06
6.57275e+06
1.34266e+07
6.38182e+06
6.57442e+06
6.35951e+06
7.74113e+06
6.90481e+06
5.66745e+06
6.19702e+06
7.67476e+06
6.80838e+06
5.74301e+06
7.69113e+06
7.49486e+06
6.17076e+06
5.80128e+06
1.02707e+07
5.62984e+06
5.08585e+06
6.45979e+06
5.70641e+06
6.204e+06
5.23745e+06
4.85082e+06
5.09077e+06
4.8598e+06
6.35093e+06
5.32409e+06
5.15228e+06
4.92698e+06
4.98402e+06
8.89668e+06
5.2251e+06
4.84222e+06
5.65705e+06
6.12259e+06
5.20888e+06
5.90972e+06
4.99241e+06
5.01325e+06
5.9312e+06
4.95077e+06
5.31127e+06
4.94599e+06
5.09246e+06
8.24203e+06
5.24847e+06
5.68805e+06
5.33128e+06
5.7369e+06
5.57836e+06
5.6854e+06
4.90443e+06
4.93219e+06
5.34537e+06
5.69495e+06
4.94246e+06
4.9564e+06
5.42211e+06
4.77087e+06
5.69272e+06
5.13511e+06
4.91846e+06
5.4095e+06
4.97097e+06
6.22341e+06
4.99555e+06
4.89076e+06
5.05233e+06
5.42847e+06
6.4622e+06
4.77679e+06
5.07725e+06
5.42892e+06
4.73596e+06
5.90827e+06
5.03508e+06
4.99438e+06
8.02697e+06
6.25878e+06
4.83637e+06
4.93991e+06
5.02969e+06
5.14444e+06
5.20775e+06
5.8432e+06
4.92038e+06
4.75903e+06
4.85612e+06
5.07224e+06
6.01967e+06
4.79655e+06
4.91059e+06
4.76154e+06
4.73953e+06
5.83139e+06
4.75024e+06
4.88552e+06
5.07737e+06
4.71012e+06
5.78076e+06
5.04012e+06
5.09734e+06
4.86035e+06
5.33336e+06
6.52918e+06
5.09183e+06
4.93145e+06
4.79881e+06
4.89686e+06
6.04246e+06
4.74154e+06
4.97407e+06
4.81337e+06
5.25931e+06
5.93694e+06
4.68265e+06
4.94529e+06
4.86181e+06
5.47109e+06
5.2758e+06
5.42535e+06
4.81343e+06
4.79539e+06
4.74344e+06
4.77662e+06
5.58825e+06
5.52001e+06
8.36612e+06
5.68682e+06
6.34173e+06
5.0349e+06
5.4302e+06
5.77173e+06
6.15146e+06
5.79146e+06
5.44853e+06
5.9907e+06
7.34526e+06
6.57878e+06
6.02265e+06
6.49595e+06
4.96335e+06
5.79943e+06
5.43312e+06
4.67558e+06
4.78546e+06
4.94558e+06
5.97427e+06
6.06342e+06
4.77784e+06
5.44704e+06
5.23355e+06
5.3417e+06
5.60181e+06
4.944e+06
9.37629e+06
1.16027e+07
4.92155e+06
5.41464e+06
4.95609e+06
4.90867e+06
5.90077e+06
8.78186e+06
9.87709e+06
5.99046e+06
4.73031e+06
5.4537e+06
5.00938e+06
4.80783e+06
6.03676e+06
6.99995e+06
4.97402e+06
5.87124e+06
5.00813e+06
6.14211e+06
4.99826e+06
4.99338e+06
5.0531e+06
4.87253e+06
6.35754e+06
4.87018e+06
4.81822e+06
5.62194e+06
5.16738e+06
5.925e+06
5.42494e+06
4.92158e+06
7.49324e+06
5.22558e+06
5.40997e+06
4.79111e+06
4.74029e+06
4.82987e+06
4.82874e+06
5.68122e+06
4.79401e+06
5.08513e+06
4.81105e+06
5.12408e+06
5.91179e+06
4.88494e+06
4.99874e+06
4.92449e+06
4.89679e+06
6.01705e+06
5.93796e+06
5.19926e+06
6.09191e+06
4.92059e+06
5.48207e+06
5.23707e+06
4.90628e+06
5.09475e+06
4.76265e+06
5.84294e+06
4.78717e+06
4.80685e+06
5.27613e+06
5.67808e+06
8.52722e+06
4.68175e+06
4.95976e+06
5.421e+06
5.1529e+06
5.82462e+06
5.09475e+06
4.73868e+06
5.11678e+06
5.32635e+06
5.77191e+06
4.92614e+06
4.99874e+06
5.49049e+06
4.86406e+06
6.28215e+06
4.91679e+06
4.76819e+06
4.86198e+06
4.79275e+06
5.94893e+06
4.79072e+06
5.11401e+06
4.84974e+06
5.47935e+06
5.92365e+06
4.77508e+06
5.7473e+06
4.97019e+06
3.5299e+07
1.79383e+07
4.12098e+07
5.53128e+06
5.81001e+06
3.78973e+07
4.01732e+07
4.9145e+06
5.37346e+06
3.5736e+07
5.25162e+06
3.46452e+07
4.82011e+06
3.61117e+07
5.12364e+06
4.41995e+07
1.58794e+07
3.54378e+07
4.8834e+06
7.59422e+06
5.34776e+06
5.09518e+06
5.56192e+06
3.46621e+07
5.78044e+06
5.12169e+06
6.9364e+06
5.00437e+06
5.12936e+06
5.33775e+06
5.49541e+06
5.5993e+06
5.6167e+06
5.16706e+06
5.15741e+06
5.11058e+06
5.76011e+06
5.74041e+06
4.98016e+06
5.72958e+06
6.10183e+06
5.1457e+06
5.12711e+06
5.3313e+06
5.13739e+06
5.98079e+06
6.09165e+06
5.40417e+06
5.43947e+06
5.01198e+06
6.23296e+06
7.95665e+06
4.93923e+06
5.50624e+06
5.16257e+06
5.65744e+06
5.03135e+06
4.90353e+06
5.40067e+06
5.42554e+06
5.99899e+06
5.34121e+06
5.09927e+06
5.16828e+06
6.25764e+06
4.93244e+06
5.0992e+06
4.84833e+06
4.67072e+06
5.35632e+06
5.79228e+06
4.81321e+06
4.70063e+06
5.55407e+06
5.53423e+06
5.41611e+06
5.05045e+06
4.83509e+06
5.59162e+06
5.67158e+06
5.59489e+06
4.73657e+06
5.04562e+06
5.2014e+06
5.57844e+06
5.59062e+06
4.87382e+06
4.85191e+06
5.26097e+06
4.92449e+06
6.48958e+06
5.32348e+06
5.00065e+06
5.0176e+06
4.89814e+06
5.94789e+06
4.86377e+06
5.02145e+06
5.48496e+06
6.77984e+06
7.85979e+06
6.90209e+06
8.02168e+06
8.72255e+06
4.84517e+06
6.19359e+06
5.44564e+06
5.43434e+06
5.67884e+06
1.87089e+07
6.72644e+06
5.15426e+06
5.26371e+06
5.62092e+06
5.02752e+06
5.49633e+06
4.98728e+06
5.00565e+06
6.00118e+06
4.86152e+06
5.4922e+06
5.01867e+06
4.89552e+06
5.3266e+06
4.95151e+06
5.56211e+06
4.92275e+06
5.01957e+06
5.39369e+06
7.50082e+06
5.53883e+06
5.1391e+06
4.90446e+06
5.1424e+06
4.8917e+06
5.87408e+06
4.8475e+06
5.3428e+06
6.79382e+06
7.68165e+06
6.71237e+06
5.61786e+06
5.97249e+06
8.115e+06
5.06344e+06
5.13657e+06
5.3761e+06
4.96003e+06
6.19681e+06
1.67222e+07
5.06959e+06
6.0668e+06
5.04565e+06
5.19817e+06
5.28409e+06
5.00439e+06
6.07455e+06
5.11669e+06
4.96541e+06
5.43222e+06
4.86074e+06
6.05324e+06
4.92593e+06
5.46888e+06
5.72922e+06
5.42798e+06
5.61491e+06
4.89205e+06
5.01123e+06
4.84448e+06
5.15061e+06
6.1413e+06
4.92342e+06
5.22451e+06
5.86421e+06
5.15764e+06
5.94655e+06
5.15279e+06
5.26066e+06
5.225e+06
5.23652e+06
5.64199e+06
4.84598e+06
4.97025e+06
5.35297e+06
5.81256e+06
5.58637e+06
5.0741e+06
5.31031e+06
8.03795e+06
6.25104e+06
4.95763e+06
5.07166e+06
5.24486e+06
5.34445e+06
6.4717e+06
5.05368e+06
5.18302e+06
5.59344e+06
5.60932e+06
6.17504e+06
5.02675e+06
5.16164e+06
5.21257e+06
6.014e+06
5.75417e+06
5.29114e+06
5.58527e+06
5.84788e+06
6.57942e+06
5.1527e+06
5.34524e+06
5.16649e+06
5.18371e+06
6.11186e+06
5.29504e+06
5.57628e+06
5.19898e+06
5.16635e+06
6.62569e+06
5.35071e+06
5.78659e+06
5.07555e+06
5.54555e+06
5.74937e+06
5.13807e+06
5.7934e+06
5.72924e+06
6.3999e+06
4.89551e+06
5.20394e+06
4.89327e+06
5.30842e+06
4.94036e+06
5.63459e+06
7.03989e+06
5.21658e+06
5.15294e+06
6.41649e+06
5.1319e+06
7.54097e+06
6.16064e+06
6.20118e+06
5.16989e+06
5.22142e+06
5.34542e+06
6.18946e+06
6.70904e+06
4.93518e+06
6.66443e+06
7.71204e+06
7.05434e+06
6.3823e+06
6.78898e+06
5.48384e+06
6.7547e+06
4.93594e+06
5.38069e+06
5.58777e+06
5.55022e+06
6.06192e+06
1.09281e+07
7.00792e+06
5.56877e+06
5.64288e+06
5.27807e+06
8.57658e+06
8.2658e+06
4.83827e+06
5.31312e+06
4.96143e+06
5.05929e+06
6.35386e+06
6.37344e+06
6.14573e+06
6.81857e+06
7.90418e+06
8.20138e+06
5.3093e+06
5.29003e+06
5.40505e+06
6.68812e+06
5.19485e+06
7.68552e+06
4.91542e+06
6.15574e+06
4.92732e+06
