6627.23
5136.94
5170.22
5117.07
5134.05
5122.13
5115.49
5110.98
5121.32
5123.09
5120.51
5124.52
5121.09
5118.35
5122.32
5119.04
5110.29
5116.38
5117.92
5116.19
5112.72
5118.46
5118
5112.48
5119.93
5118
5113.8
5143.3
5117.54
5113.76
5112.75
5117.23
5114.41
5121.59
5114.34
5112.02
5121.66
5113.53
143879
5080.51
5064.16
5065.97
5059.22
5068.01
5071.91
5058.29
5071.56
5066.51
5058.49
5059.68
5060.49
5050.5
5047.96
5064.16
5046.8
5055.98
5049.35
5056.21
5051
5051.85
5052.55
5061.38
5056.91
5053.36
5048.88
5062.31
5060.84
5050.04
5053.59
5090.08
5052.51
5063.12
5057.14
5060.34
5051.74
5051.27
5057.33
5065.28
5238.11
5051.97
5058.06
5044.06
5056.56
5059.07
5053.24
5049.73
5055.17
5048.19
5043.21
5055.4
5063.12
5060.22
5065.01
5051.51
5076.08
5061.42
5064.23
5056.79
5071.52
5063.46
5055.98
5056.44
6658.67
5086.22
5082.98
5070.64
5059.1
5073.57
5068.48
5070.25
5068.98
5064.58
5065.62
5067.59
5066.2
5076.77
5063.39
5265.38
5760.19
5766.43
5760.49
73865.2
5778.51
5812.64
5803.69
5792.62
5808.51
5788.23
5803.58
5795.44
5790.85
5777.7
5768.59
5774.8
5774.96
5774.22
5769.33
92474.1
7725.89
7718.37
7447.22
7052.62
6918.62
14187
6699.86
6555.57
6762.42
6873.85
6658.9
6598.46
6625.77
7011.5
7040.54
8674.12
6228.88
6209.83
6211.87
7035.07
5784.21
5794.05
5788.34
5778.12
5782.63
5808.51
5793.2
5784.68
5775.84
5807.59
5800.26
5782.44
5783.21
5783.52
5777.89
5792.08
5787.42
5794.36
5778.39
5789.34
5793.78
5783.4
5798.56
5565.18
4946.91
4943.82
4936.34
4936.03
4942.32
4945.75
4938.3
4951.96
4963.64
4945.32
4945.52
4942.2
4945.94
4942.2
4940.93
4945.63
4947.25
4941.97
4947.95
4944.59
4943.16
4935.76
4955.16
4944.05
4939.27
4944.82
4943.2
4942.66
5518.08
4943.86
4938.88
4937.88
4952.73
4958.71
4931.44
4940.7
4933.37
4940.7
4942.16
4941.85
4937.15
4938.77
4937.15
4940.85
4945.29
4943.82
4936.68
4937.53
4938.84
4939.89
4942.55
4939.5
4951.5
4938.3
4952.61
4942.43
4947.72
4939.58
4955.93
4946.87
4952.04
4941.27
4942.62
4945.17
4924.46
4934.76
4945.98
4940.46
4948.6
4943.78
4938.77
4944.4
4938.07
4946.44
4939.46
4943.9
4945.4
4954.93
4938.92
4947.95
4946.79
98756.6
5946.82
5824.91
5728.94
5724.16
7386.74
5701.6
5685.67
5754.48
5647.6
5715.75
5656.36
5759.72
5615.86
5722.66
5593.6
5624.46
5811.68
5678.73
5629.9
5705.88
5548.82
5669.82
5552.06
5842.99
5974.79
5665.07
5789.96
5676.57
5574.59
5679.15
5600.43
5657.59
5658.63
5690.41
5667.08
5709.54
