46096.6
9260.77
9120.14
9107.99
9165.96
9190.53
9204.03
9133.83
9187.06
9143.75
9157.67
9134.41
9158.98
9165.96
9115.48
10066.2
9008.37
9111.19
9114.55
9083.04
9059.36
9025.34
9035.21
9034.05
9059.43
9082.88
8983.72
8992.05
9012.46
8974.04
9098.74
9059.93
9023.72
9031.62
9023.53
9041.73
9094.84
9074.67
9126.78
9010.57
9081.92
9048.9
9040.8
9052.41
9035.21
8975.7
8974.85
9093.68
9097.12
9073.47
9065.41
9094.11
9078.53
9069.62
9039.99
8999.77
9097.73
9031.12
9834.99
8897.94
8929.92
8936.2
8956.68
8906.85
8958.92
8990.78
8946.54
8937.21
8899.52
8937.59
8977.32
8967.02
8886.37
8968.02
8934.89
8980.37
8923.78
8936.86
9164.27
8948.43
8972.07
8996.76
8942.84
8942.22
8933.81
8923.01
8971.84
8892.85
8926.83
8912.98
8966.87
8956.34
8970.61
8933.97
9441.27
12479.3
13891.8
19838.5
50693.8
16527.5
12470
10523.4
10500.2
10515.4
10489.6
10468.3
10499.6
10465.5
10440.6
10469.5
12181
11587.2
11621.9
11617.8
14580
23090.5
23675.2
23882.9
24374.1
24209.6
23970.1
18287.1
14096
10328.7
9151.34
9129.9
9177.3
9105.68
9142.44
9069.62
9081.11
9081.65
9073.74
9078.49
9081.96
9068.15
9085.12
9073.4
9126.31
9121.03
9076.98
9111.43
9166.31
9160.68
9092.37
9054.96
9110.23
9090.83
9104.79
9092.68
9051.3
9097.62
9093.1
9123.19
9064.1
9094.69
9092.18
9137.27
9156.59
9102.67
9125.73
9077.68
9106.14
9055.69
9066.84
9373.74
8924.44
8983.61
8920.04
8914.99
8900.45
8921.28
8915.18
8919.16
8904.11
8877.65
8890.27
8890.19
8876.38
8909.32
8943.49
8893.47
8905.46
8893.31
8885.45
8894.28
8905.81
8890.88
8905.08
8924.79
8897.87
8858.72
8846.14
8898.48
8920.7
8941.49
8916.61
8950.17
8986.04
8954.37
8989.12
8945.31
8875.88
8910.09
8912.06
8909.63
8931.92
8918.23
9928.25
8828.17
8819.88
8781.11
11306.2
9048.4
8827.48
8870.94
8796.39
8803.6
8833.57
8862.61
8860.18
8847.18
8801.29
8809.39
8829.29
8841.09
8855.28
8792.65
8805.38
8831.83
8812.7
8831.72
8875.8
8845.56
8823.7
8790.18
8794.58
9233.27
11552.8
11711
11519.6
11080
13216.9
21077.5
16545.1
16080.8
14078
12207
11561
11560.4
11579.2
11518.1
11516.2
11508
11509.8
11538.2
11488.5
11483
11502.6
11474.2
11472.8
11492.1
11488.4
11512.7
11525.3
11493.1
11480.1
11502.6
11508.4
11536.3
11492.8
11514.2
11472.9
11502.8
17647.9
21689.5
14070.1
13651.2
16221.5
14674.4
16802.3
17779.1
19018.7
41148.3
25707.2
22484.7
16687.1
11592.4
11560.7
11576.8
11549.1
11549.9
11518.6
11529.7
11558.7
11555.8
11582.4
11552.2
11565
11579.5
11562.6
11581.1
11522.5
11553.5
11544.7
12132.4
11575.4
11541.1
11533.2
11570.9
11593.8
11568.5
11592.7
11588.3
11550.8
11584.9
11599.1
11623.2
11578
11568.1
11608.9
11542.1
11588.9
11560.4
11823.5
10522.8
10486.4
10496.5
10474
10456.9
10458.7
10468.4
10504.2
10476.2
10480.8
10486.4
10460.7
10477.9
10454.5
10448.8
13244.2
10461.1
10442
10427
10401.3
10463.1
10438.4
10417.3
10431.7
11534.5
12156.2
10439.5
10460.4
10415.7
10445.1
10435.9
10434
10432.2
10434.4
10449.9
10468.2
10424.6
10445.2
10460.6
10416.7
10438.1
10437.8
10416.3
10441.5
10434.1
10419.9
10471.9
10424.5
10416.2
10450.5
10450.6
10422.8
12965.5
10512.1
10454.2
10450.4
10446.9
10470.7
10460.6
10446
10437.7
10450.9
10441.8
10452.3
10447.7
10430.7
10449.7
10451.5
10510.3
10465.4
10451.8
10450
11933.7
11805.8
10467.2
10454.3
10449.3
10413.9
10450.1
10440.9
10432.5
10448.9
10447.1
10461.5
10437.5
10421.7
10410.9
10433.4
10461.7
13063.1
10475.4
10491.7
10473.9
10437.5
10451.7
10461.9
10474.6
10473.8
10430.9
10454.4
10482.6
10455
10505.9
10472.2
10473
10504.6
10476.1
10477.3
10489.2
10481.7
10460
10459.3
10461.4
10440.7
10419.5
10448.8
10464.9
10459.9
10464.1
10459.9
10444.2
10452.1
10471.7
10477.9
10481.9
10460.8
10888.5
10487.7
10445.4
10423.4
10448.7
10436.5
10443.2
10455
10458.5
10458.9
10457.7
10466.9
10477.7
10449.4
10436.8
10447.4
10489.4
10479.7
10489.1
10432.6
10462.7
10456.8
10453.7
10432.4
10442
10446.2
10439.8
10461.7
10466.6
10448.4
10471
10450.7
10460.2
10438.3
10461.1
10452.3
10444.3
10892.2
10465.8
10474.9
10477.4
10486.6
10432.2
10428.9
10441.5
10442
10429.5
10442.1
10449.4
10439.1
10438.5
10432.6
10435.9
10438.7
12872.6
10428.3
10419.2
10443.5
10414.3
10448.5
10417.9
10430.2
10444.4
10448.3
10433.6
10426
10420.9
10423.1
10462
10434.2
10417.9
10425.4
10453.7
10441
10544.7
10521.6
10408.8
10424.9
10433.1
10411
10422.2
10447.6
10433.1
10437
10420.4
10430.4
10426.1
10426.6
10391.3
10378.5
10394.6
10403.7
10404
10383.5
10412
10411
10434.7
10405.6
10412.2
10432.8
10413.1
10407.8
10414.8
10394.6
10396.6
10385.5
10419.4
10383
10409.5
10391.6
10393.8
10413.6
10768.5
10398.4
10387.6
10404.3
10400
10411.4
10433.2
10392.6
10428.3
10387.2
10429
10396.5
10442.5
10403.5
10396.7
10420.1
10391.2
10376.7
10401.3
10425.3
10426.6
10388.2
10414.3
10436.9
10434
10417.9
10421.9
10407.6
10446
10397.6
10397.3
10394.2
10408.8
10410.9
10437.7
10400.1
10417.4
10706.6
10501.6
10425
10433.6
10430.4
10413.6
10408.6
10438.1
10453.3
10421.4
10432.1
10432.5
10403.9
10414.8
10403.8
10448.7
10406.7
10390.9
10416.7
10390.2
10406.9
10392
10417.3
10428.3
10403.5
10427.2
10409
10413.2
10418.6
10430.3
10436.6
10448
10412.4
10409.7
10416
10410.1
10400.3
10416.1
10859.6
10503.9
10473.9
10462.7
10485.8
10445.9
10445.1
10442
10470.3
10423.1
10445.9
10449.9
10436.9
10476.8
10448
10466.8
10443.7
10461.1
10490.9
10454.5
10470.2
10441.5
10444.7
10446.2
10445.3
10467.1
10489.3
10461.1
10479.3
10475.1
10482.2
10455.6
10428.2
10437.6
10457.3
10450.8
10488.9
10770.3
10458.3
10425.4
10472.1
10497.5
10485.3
10466
10458.9
10462.4
10461.4
10433.1
10432.1
10450.4
10467.3
10443
10432.7
10459.8
10441.1
10450.8
10451.4
10446.2
10471.4
10482.7
10436.3
10420
10442.7
10424.5
10448.6
10474.2
10441.3
10420.6
10418.3
10443.4
10430.2
10463.1
10468.7
10478.1
10416.1
10561.1
10464.6
10468.4
10440.3
10438.9
10431.1
10409.1
10401
10448.4
10426.9
10453.2
10422.9
10434.8
10435.8
10434.9
10454.5
10493.6
10446.7
10451.5
10495.6
10487.1
10419.6
10433.7
10427.7
10454.4
10438.1
10446.4
10446.2
10456.7
10459.7
10462.7
10464.8
10481.7
10432.7
10425.5
10455.7
10450.5
10608.2
10477.1
10458.8
10486.6
10485.8
10469.4
10463.1
10491.3
10445.5
10428.2
10471.8
10482
10400.8
10421.5
10418.8
10464.2
10439.5
10440.6
10450.4
10465.1
10478.4
10463.4
10422.5
10445.3
10437.3
10441.3
10472.7
10467.3
10458
10440.5
10413.3
10414.7
10446.1
10417.2
10430.2
10462.4
10481.7
10833.7
10492.8
10451.6
10432.4
10458.1
10430.9
10432.9
10419.4
10426.5
10436.8
10400.4
10448.5
10475.4
10437.6
10431.2
10426.1
10418.9
10428.2
10445
10431.7
10422.3
10449.4
10426.8
10446.4
10445.4
10394.1
10399
10456
10433.4
10418.5
10421.9
10425.4
10435.8
10414.4
10449.5
10456.7
10428
10422.9
10880.9
10449.9
10497.7
10492.4
10450.8
10431.8
10474.9
10473.2
10460.7
10431.3
10412.3
10459.2
10429.4
10463.3
10451.5
10460.7
10450.9
10428.8
10435.8
10454.3
10448.2
10451.6
10455.8
10447.4
10425.8
10468.1
10439
10440.6
10436.8
10424.1
10431.7
10461.8
10420.4
10444.2
10435.6
10442.2
10399.5
10782.8
10514
10462.8
10458.5
10440.8
10428.7
10433.9
10447.4
10425
10442.6
10445.9
10450.9
10447.6
10428.7
10421.9
10402.6
10428
10425.3
10409.1
10447.8
10422.2
10439.1
10417.5
10404.3
10415.9
10404.2
10396.1
10426.3
10397.1
10412.1
10415.3
10402.3
10404.6
10411.4
10421.5
10440.1
10413.5
10435.8
10840.4
10517.7
10517.7
10523
10505.3
10529
10541.4
10512
10493
10486.8
10442
10435.7
10393.6
10406.3
10431.2
10420
10430.2
10404.5
10406.3
10427.7
10439.8
10416.7
10417.2
10416.7
10439
10401.4
10415.5
10404.6
10409.1
10403.6
10396.1
10393.5
10388.9
10438.7
10428.8
10440.1
10390.7
10826.3
10533.1
10525
10494.1
10487.3
10477.6
10438.7
10435.7
10401.1
10426.9
10406.3
10435.2
10410.8
10417.9
10410
10410.2
10424.8
10393.4
10380.8
10408.3
10402.7
10436.5
10407.2
10410.2
10434.9
10420.7
10389.2
10409.7
10411
10412.1
10424
10408.9
10377.8
10427.4
10382.2
10425.9
10409.6
10377.5
10875.5
10471.9
10441.6
10440.3
10475.9
10472.8
10465.5
10464.8
10418.2
10463.6
10468.7
10446.9
10429.9
10446.1
10440.5
10460.4
10447.4
10449.2
10420.3
10437.6
10421.6
10418
10464.2
10485.7
10431.6
