92683.8
30131.7
28344.2
29822.4
15909.3
12308.9
12093.9
12114
11930.8
11993.7
11957.9
12073.4
12234.9
12080
11944.4
12047.7
11926.9
11935.6
11900
11750.7
12035.9
11816
11837.2
11853.1
11629.9
11749.2
11754.1
11737.9
11806.8
20987.9
11830.9
11752.4
11853.8
11923.6
11761.2
11970.8
11847.3
11921
11863.5
11734.4
11814
11880.3
11787.1
11890
11705.3
11791.1
103536
11816
18828.1
11759.8
11750.6
11651.4
11688.8
11644.5
11686.8
11725.2
11713.6
11739.9
11667.7
11675.2
11868.5
11789.5
11965
11861.9
11827
11869.5
11784.2
11965.2
11679.5
11772.1
11784.2
11797.5
16448.1
11571
11499.9
11516
11452
11456.5
11426.1
11482.4
11511.3
11419.9
11437.2
11487
11461.1
11570.7
11568.4
11706.4
11501.9
11678.5
11644.1
11801.2
11858.8
11652
11806.1
11494.1
11720.9
17717.4
11701.4
11630.3
11653.6
11519.3
11491.4
11557.1
11511.3
11570.3
11513.8
11676.7
11696.6
11548.8
11646.3
11701.7
11643.6
11547.6
11652.9
11715.5
11456.1
11643.5
11491.3
11622.9
11585.5
11490.5
17640.2
11494.3
11461.6
11800.2
11729.3
11603.1
11649.6
11679
11570
11659.6
11707.7
11808.9
88202.2
12291.9
11830.3
11802.6
11867
11871.7
21856.1
30401.6
25233.8
26764.4
28892.2
17262.5
11907
11873
11995
11901.8
12128.9
12114.4
12012.9
12002.6
12002
19269.5
11657.2
11710.2
11796
11968
11949.8
11871.8
11936.3
11840.8
11816.3
11882.3
11897.9
11847.5
11885
11982.8
11708.8
11626.1
11841.7
11921.9
11748.5
11863.6
11750.6
11971.6
11934.8
15809.5
11771.4
11726.3
11840
11813.9
11818.2
11788.9
11659.5
11758
11851
11776.5
11601.6
11790.7
11713.2
11776.5
11879.4
11764.3
11768.1
11685.5
11896.5
11803.1
11608.2
11792.4
11791.2
11710
11920.3
11595.1
11532.5
11510.9
11522.5
11539.8
11520.4
19569.1
11727.2
11787.8
11985.7
11908.9
11885.8
12172.5
11748.9
11668.2
11830.4
11934
11852
12035.6
11849.7
11998.6
11749.8
12108.4
18104.6
11719.1
11718.8
11621.7
11657.4
11861.8
11814.8
11657.9
11837.8
11769.1
11791.3
11774.1
11813.9
11791.4
11695
11641.2
11582.9
11720.8
11660.6
11763.7
11736.2
11625.9
11759.8
11636
11802.3
11928.6
11673.3
11599.2
11787.3
11624.4
11603.6
11634.8
11521.4
11583.5
11586.6
11587.1
11714.6
11842.8
11909.7
11695.6
11800.8
11819.6
11786.3
11771
11671.4
11758.1
11753.8
11677.4
11746.6
17605.2
11684.1
11529
11530.1
11541.7
11436.2
11617.3
11490
11682.7
11558.7
11524.4
11573.2
11566.2
11807.4
11618.6
11632.7
11569.4
11630.6
11698.3
11649.7
11554.9
11441.3
11691.9
