4.31832e+06
3.89868e+06
3.80747e+06
3.90905e+06
3.98513e+06
4.2754e+06
4.01221e+06
3.68341e+06
4.23751e+06
3.46974e+06
4.02557e+06
9.56489e+06
3.71407e+06
4.12899e+06
4.13735e+06
4.40015e+06
4.06776e+06
3.91343e+06
4.17583e+06
4.287e+06
3.85388e+06
4.29438e+06
3.91463e+06
3.85625e+06
4.19291e+06
3.79708e+06
4.12498e+06
3.85101e+06
3.89216e+06
4.0226e+06
3.85718e+06
3.73695e+06
4.10795e+06
4.12462e+06
4.29019e+06
3.86395e+06
3.99756e+06
4.42837e+06
4.20478e+06
3.97429e+06
3.87912e+06
4.08196e+06
4.15333e+06
3.74711e+06
4.37526e+06
3.68342e+06
3.98552e+06
4.10224e+06
3.79337e+06
3.96939e+06
3.70642e+06
4.02617e+06
4.16504e+06
4.59015e+06
4.17858e+06
3.72857e+06
4.16918e+06
4.0896e+06
4.04925e+06
4.06904e+06
3.82515e+06
4.0455e+06
4.16554e+06
3.52118e+06
3.70611e+06
4.31197e+06
3.90955e+06
4.22369e+06
3.73745e+06
4.51704e+06
4.00017e+06
3.96347e+06
1.3746e+07
4.77742e+06
3.76861e+06
4.23183e+06
4.10113e+06
4.12281e+06
4.13075e+06
3.77421e+06
5.27484e+06
5.70244e+06
7.35673e+06
8.62002e+06
6.2971e+06
3.82901e+06
6.28408e+06
6.56888e+06
8.63437e+06
5.04451e+06
6.71021e+06
9.15143e+06
5.60156e+06
4.07342e+06
4.12668e+06
3.94942e+06
3.94632e+06
4.24727e+06
6.74438e+06
4.35774e+06
4.08318e+06
4.15256e+06
3.862e+06
4.08115e+06
4.07247e+06
4.24452e+06
3.92483e+06
3.8395e+06
3.78195e+06
4.23884e+06
3.56944e+06
3.87939e+06
4.15013e+06
3.9272e+06
4.2971e+06
3.91362e+06
4.05914e+06
4.46017e+06
4.00523e+06
4.44151e+06
3.69311e+06
3.76358e+06
3.70241e+06
3.98252e+06
3.96284e+06
3.84275e+06
3.86462e+06
4.22533e+06
3.77151e+06
4.08587e+06
3.88139e+06
4.50189e+06
4.11709e+06
3.79268e+06
4.9564e+06
3.85631e+06
3.29146e+06
4.68373e+06
3.99849e+06
4.04024e+06
3.78571e+06
3.94429e+06
4.07973e+06
4.02747e+06
3.94447e+06
3.83199e+06
4.16904e+06
3.93525e+06
4.20086e+06
4.6531e+06
3.43669e+06
3.75214e+06
4.01993e+06
3.83255e+06
3.77103e+06
3.89437e+06
3.84469e+06
5.29153e+06
3.89797e+06
3.93471e+06
3.86003e+06
3.97619e+06
4.50301e+06
3.92067e+06
4.24916e+06
3.50535e+06
3.90252e+06
3.84591e+06
3.74161e+06
3.79482e+06
4.15456e+06
4.01671e+06
3.98083e+06
3.64392e+06
4.52275e+06
4.38533e+06
3.84624e+06
4.09146e+06
3.57147e+06
3.65627e+06
4.21715e+06
3.78004e+06
4.22804e+06
3.78888e+06
4.29852e+06
3.90796e+06
3.5676e+06
3.92586e+06
4.10253e+06
4.14765e+06
4.19897e+06
4.20656e+06
4.12075e+06
3.98065e+06
3.96615e+06
4.13675e+06
3.65218e+06
3.89422e+06
4.35918e+06
4.20817e+06
4.27555e+06
3.71313e+06
3.77971e+06
4.36687e+06
3.89098e+06
4.41038e+06
3.73628e+06
4.09408e+06
4.86871e+06
4.34261e+06
3.99579e+06
1.03332e+08
3.60462e+06
3.86629e+06
3.70345e+06
3.7685e+06
4.60895e+06
4.17721e+06
4.16315e+06
4.09057e+06
3.7849e+06
4.09371e+06
3.66548e+06
3.815e+06
4.13882e+06
3.95436e+06
3.95001e+06
3.72568e+06
4.26235e+06
4.34252e+06
3.8245e+06
4.09353e+06
4.15643e+06
3.90655e+06
4.51741e+06
3.61853e+06
3.99395e+06
3.73418e+06
3.78155e+06
4.35768e+06
3.82865e+06
4.2178e+06
3.94137e+06
3.98808e+06
4.14754e+06
4.22144e+06
4.00475e+06
3.8776e+06
3.60349e+06
4.9367e+06
4.6954e+06
4.62663e+06
5.65878e+06
4.25026e+06
4.04584e+06
4.1679e+06
4.04554e+06
3.8872e+06
4.16847e+06
3.49513e+06
1.03345e+08
4.07956e+06
4.11977e+06
3.87017e+06
3.75747e+06
3.76066e+06
4.14603e+06
4.15299e+06
3.96143e+06
3.85594e+06
3.96517e+06
3.61473e+06
4.33817e+06
3.94537e+06
4.02276e+06
3.82346e+06
4.01213e+06
4.32891e+06
4.13732e+06
3.9563e+06
4.00282e+06
3.75697e+06
4.39487e+06
3.74512e+06
3.84522e+06
4.07631e+06
3.82502e+06
4.27246e+06
3.86801e+06
3.99465e+06
6.00837e+06
8.90199e+06
3.98031e+06
4.69699e+06
6.28557e+06
8.28864e+06
6.76059e+06
6.52895e+06
7.37934e+06
8.54906e+06
