1.17991e+07
1.13332e+07
2.28198e+07
1.18193e+07
7.80432e+06
9.43077e+06
1.53519e+07
8.79098e+06
9.97014e+06
8.37487e+06
7.93724e+06
2.5195e+07
9.94309e+06
8.23068e+06
8.75726e+06
1.54715e+07
7.48197e+06
1.02994e+07
8.95437e+06
8.57196e+06
8.6863e+06
9.2182e+06
7.03624e+06
9.80173e+06
2.70186e+08
7.2515e+06
8.9674e+06
1.09383e+07
8.52666e+06
9.70529e+06
1.00723e+07
6.92402e+06
9.61487e+06
9.40318e+06
7.67037e+06
9.39193e+06
1.01386e+07
8.09701e+06
9.03837e+06
9.95146e+06
7.33736e+06
8.87655e+06
1.01006e+07
7.01919e+06
9.75466e+06
9.6584e+06
8.53865e+06
9.46385e+06
8.22435e+06
6.97952e+06
8.91909e+06
9.43371e+06
7.97682e+06
9.4349e+06
8.41038e+06
7.67907e+06
1.01861e+07
9.84378e+06
7.71656e+06
1.19105e+07
8.34416e+06
7.31273e+06
9.95324e+06
2.6736e+08
8.78558e+06
7.40774e+06
1.31086e+07
7.65702e+06
1.05046e+07
8.6657e+06
7.49952e+06
7.25079e+06
1.10276e+07
7.66433e+06
8.21604e+06
9.77902e+06
1.15161e+07
1.56362e+07
8.41867e+06
8.43183e+06
1.09964e+07
6.9539e+06
8.25341e+06
1.0242e+07
8.10511e+06
6.94004e+06
8.98518e+06
8.64607e+06
7.69996e+06
9.30845e+06
8.23498e+06
7.67877e+06
9.28237e+06
9.12147e+06
9.33244e+06
1.00867e+07
8.2706e+06
8.18238e+06
9.71242e+06
8.54137e+06
7.91487e+06
9.08733e+06
1.02611e+07
9.12219e+06
1.1218e+07
8.14317e+06
9.5302e+06
1.03023e+07
9.8068e+06
9.61859e+06
8.94286e+06
8.08942e+06
9.6708e+06
8.64487e+06
8.4375e+06
9.20402e+06
1.02166e+07
7.99876e+06
9.6329e+06
8.75961e+06
8.87641e+06
9.37569e+06
1.2423e+07
1.60063e+07
8.37734e+06
7.68465e+06
1.09885e+07
7.91964e+06
2.68161e+08
1.0552e+07
1.1556e+07
7.61233e+06
9.12693e+06
9.39342e+06
7.97944e+06
1.00455e+07
8.89948e+06
7.97889e+06
9.55781e+06
8.13958e+06
7.49815e+06
9.01238e+06
8.59905e+06
7.85521e+06
9.23398e+06
9.90466e+06
7.67156e+06
9.29788e+06
8.13078e+06
7.49377e+06
9.53755e+06
8.87051e+06
7.15315e+06
7.79475e+06
9.39952e+06
7.89532e+06
9.24146e+06
9.53349e+06
7.46357e+06
9.22885e+06
2.68275e+08
8.95137e+06
8.17048e+06
8.74274e+06
8.97404e+06
7.27451e+06
9.3032e+06
9.55393e+06
7.0735e+06
8.47535e+06
9.7908e+06
8.29961e+06
8.77838e+06
9.5719e+06
7.17584e+06
9.01904e+06
8.26914e+06
7.43611e+06
7.93076e+06
1.16936e+07
8.55666e+06
9.54368e+06
9.59751e+06
7.09044e+06
9.22217e+06
9.16762e+06
7.12389e+06
8.16503e+06
1.00705e+07
8.25019e+06
7.11099e+06
9.06077e+06
9.13652e+06
8.21078e+06
8.79036e+06
7.89717e+06
7.95316e+06
9.30579e+06
8.55731e+06
7.78917e+06
9.14137e+06
8.3547e+06
8.11651e+06
9.22996e+06
8.58628e+06
7.64359e+06
8.42272e+06
9.63152e+06
6.98975e+06
8.96288e+06
9.67742e+06
7.5572e+06
8.3401e+06
8.49772e+06
7.14922e+06
7.9555e+06
2.69368e+08
1.11216e+07
7.70444e+06
9.83409e+06
9.56441e+06
7.44599e+06
9.4322e+06
9.20385e+06
8.4841e+06
8.92808e+06
8.62785e+06
7.76415e+06
8.96196e+06
9.07395e+06
6.83004e+06
8.95949e+06
9.54669e+06
7.16539e+06
9.19299e+06
2.6792e+08
9.06252e+06
8.0226e+06
1.05037e+07
9.31671e+06
7.88971e+06
8.74466e+06
8.27997e+06
8.04788e+06
1.04155e+07
8.17806e+06
8.28945e+06
8.92039e+06
9.74838e+06
8.36397e+06
9.68673e+06
8.58151e+06
7.61896e+06
9.11361e+06
8.83862e+06
7.86978e+06
8.12021e+06
9.16762e+06
7.02545e+06
7.02732e+06
1.10669e+07
7.66816e+06
9.46768e+06
9.96124e+06
6.93391e+06
9.08799e+06
1.01403e+07
7.63628e+06
7.01913e+06
9.52889e+06
8.88621e+06
7.81226e+06
9.95163e+06
7.77071e+06
7.89806e+06
1.19596e+07
7.272e+06
7.97315e+06
2.69307e+08
9.26345e+06
7.19637e+06
8.3483e+06
9.38619e+06
7.12454e+06
1.08563e+07
9.32376e+06
7.2262e+06
9.67167e+06
9.56728e+06
7.49031e+06
9.23536e+06
9.19067e+06
7.00577e+06
9.79354e+06
1.00651e+07
7.29825e+06
9.2603e+06
9.0994e+06
7.47633e+06
9.42345e+06
