282579
76345.2
84806.1
85811.4
31975.7
31661.9
32255.7
32407.4
35542.1
31818
31067
31498.3
31817.1
31459.5
31611
31332.6
30870.5
31557.2
31264
31052
31126.7
31202.4
31514.9
31408.4
31341.1
32274.7
31494.6
31251.2
32133.5
31256.7
31015.2
31049.6
31063.9
38506
30470.1
31258.9
30800.3
30845.8
31256.7
30807.1
30844.6
30685.5
30861
30618.8
30700
247117
32133.7
31539.8
32095.3
31419.6
31406.6
31905.8
32027.5
31321.5
31399.4
31606.8
31696.3
50747.8
31982
31588.7
32044.7
31754.6
31607.3
31847.1
31602.2
31710.8
31620.7
31332.7
133375
32016.2
32618
32646
32505
46328.3
31545.2
31600.2
31577.1
31193.3
31196.6
31313.7
31071.7
31488.9
31325
31416
31447.2
31908.5
31928.5
31818
31445.7
31343.2
31509
31479.7
31607.1
31570.5
31410
31297.2
46068.7
31620
31466.6
31860.2
31332.8
31287.6
31115.9
31150.1
31074
31107.5
31348.1
31739.7
31658
31293.9
31361.8
31276.1
31306.6
31379.7
31090.4
31690.1
31526.9
31057.2
31129.1
31339.5
45741.3
31126.4
31259.2
30748.1
30933.3
30772
31144.9
237030
31081.6
31163.1
31319.2
31147.8
31038.8
279398
81096.4
49369.6
60067.2
38837.7
30970.8
31734
31668.4
31585.6
32055.9
32043.7
31448.9
31658.8
31243.9
31453.3
34961.2
31085.9
45409
30581.8
30935.5
30826.7
30819.7
30601.5
30767
30671.3
31035.3
30852.1
30719.1
31029.8
30651
30502.6
30547.2
31026.4
30941
30744.5
30725.6
30698.1
30661.3
30956.6
30913.1
30561.6
42818.1
30730.3
30979.4
30979.7
30473
30617.5
30765.6
30905.1
30800.9
30540
30971
30861.3
30666.6
30624.2
30636.9
30674.2
30633.1
30560.6
30964.7
30471.8
30705.4
30639
30859
30807
31004.2
44746.5
30275.8
30305.7
30273.8
30310
30600.2
30720.4
30528.7
30598.5
30873.9
30678.1
30536.2
30845.1
30848.4
30753.8
30767.8
30633.8
30193
30677.9
30526.9
30712
30940
30856.7
30463.1
31198.6
30427.9
30267.7
30170.8
30511.5
30329
30594.3
30560.2
30563.2
30583.3
30716.8
30732.5
30811.6
30366.4
31278.7
30712.5
30684.1
30756.7
30850.3
30756.3
31083.3
31257.3
31303.9
31274.4
45440.6
31158.6
30679.6
30919.3
30588.5
30613.2
30825.1
30327.3
30378.3
30468.9
30598.2
30817.3
30852.2
30744.1
30924.2
30811.2
30913.3
30622.6
30643.1
30563.5
30609.8
30877.6
30812.8
31030.5
30495
45130.1
30745.1
30757.2
31028.4
30812.2
31045.5
31001.9
30770.1
30608.4
30870.9
30840.5
31177.6
30536
30481.9
30673.2
30733.2
30897.5
30950.8
30444.5
30653.4
30480.7
30712.6
30714.3
30858.7
53376
30658.3
30361.9
30659.6
