41454.2
21996.6
21508.8
13864.7
12969.1
10554.2
10584.5
10468.8
10503.9
10616.4
10490.3
10517
10641.9
10521.4
10507
10589.6
10645.9
10744.9
10766
10660.8
10616.3
10934.8
10603.9
10652.6
10559.8
10709.8
10484.3
10487.5
10625.2
10555.2
10607.1
10584.7
10552
10490.7
10571.7
10608.2
10505.8
10586.4
10553.3
10457.6
10510
10514.2
10772.9
10488.6
10603.1
14094.1
11234.2
11466.7
11035.9
11033.9
11078.4
11381.3
10984.2
10765.5
11122.2
10737.5
10996.8
11087.8
10865.3
10896.2
26537.1
10439.5
10340.6
10518.1
10377.8
10341.5
10347.1
10690.6
10502.3
10465.3
10622.5
10456.4
10557.4
10616.8
10516.8
10498.1
10555.3
10457.3
10396.8
10575.3
10443
10387.6
10435.9
10654.7
10387.6
10853.9
10633.2
10355.4
10544.6
10635.5
10507.9
10416.4
10555.9
10474.3
10524.3
10583.4
10513.7
10349.9
10429.6
10707.8
10396.1
10442.2
10652
10424.1
10485.6
10534.6
10509.2
10446.9
10544.8
10625.1
10441.7
10481.2
10228.7
10317.8
10317.5
10396.7
10272.5
10222.7
10710.8
10420.4
10507.6
10741.6
10648.3
10535.4
10697.5
10482.6
10404.8
10586.3
10393.7
10364.4
10388.8
10643.5
13471.4
10579
10900.9
10356.1
10504
10621.9
15350.7
19887.4
25634.4
22998
21971.3
16056.3
10507.3
10356.8
10450.1
10593.7
10368.8
10520.7
10629.4
10434.1
10465.9
10751.6
10571.7
10489.5
10732.7
10495.9
10453.1
10626.4
10508.4
10496.8
10546.2
10705.9
10490.6
10745.3
10753.5
10402.7
10329.4
10492.8
10296.3
10299.4
10432.4
10388.4
10383.8
10611.9
10522.2
10390.3
10699.4
10689.7
10382.8
10435.7
10653.1
10346.1
10453.2
10559
10407.3
10352.2
10533.4
10474
10922.9
10601.2
10432.6
10223
10376.3
10550.8
10379
10449.6
10610.9
10366.4
10454.1
10595.3
10675.7
10389.2
10562.3
10377.3
10382
10765.8
10451.7
10304.7
10380.2
10552.7
10313.2
10378.6
10611.7
10622.2
10447.7
10512
10321.4
10389.1
10552.5
10494.7
10382.7
10492.1
10386.1
11166.7
10509
10795.4
10450.8
11359.4
10978.9
10557
10679.9
10818.2
10388.7
10510.1
10751.6
10438.7
10483.5
11256.2
10290.7
10322.5
10373.2
10717.5
10444.9
10546.2
10649.3
13956.2
10527.1
10672.2
10544.3
10597.7
10731.1
10545.7
10531.3
10695.1
10560.3
10374.7
10453.5
10681.5
10400.4
10588.1
10535.8
24457.4
10548
10512.6
10323.4
10410.8
10414
10304.7
10330.1
10530.3
10340.2
10399.7
10431.3
10457
10282
10267
10531.9
10336.7
10454.5
10579.1
10578.8
10474
10588.9
10525.7
10435
10622.5
10615.2
10348.7
10444.4
10744.1
10403.7
10542.8
10682.1
10486.2
10528.5
10644.2
10477
10452.7
