15988.7
8484.01
8295.87
5347.57
5002.14
4070.72
4082.41
4037.78
4051.32
4094.71
4046.07
4056.37
4104.54
4058.07
4052.51
4084.37
4106.09
4144.27
4152.41
4111.83
4094.67
4217.51
4089.89
4108.67
4072.88
4130.73
4043.76
4044.99
4098.1
4071.1
4091.12
4082.48
4069.87
4046.23
4077.47
4091.55
4052.05
4083.14
4070.37
4033.46
4053.67
4055.29
4155.07
4045.42
4089.58
5436.05
4332.99
4422.67
4256.51
4255.74
4272.9
4389.73
4236.57
4152.22
4289.79
4141.42
4241.43
4276.53
4190.71
4202.63
10235.3
4026.48
3988.33
4056.79
4002.68
3988.68
3990.84
4123.33
4050.7
4036.43
4097.06
4033
4071.95
4094.86
4056.29
4049.08
4071.14
4033.34
4010.01
4078.86
4027.83
4006.46
4025.09
4109.48
4006.46
4186.31
4101.19
3994.04
4067.02
4102.08
4052.86
4017.57
4071.37
4039.9
4059.19
4081.98
4055.1
3991.92
4022.66
4129.96
4009.74
4027.52
4108.44
4020.54
4044.26
4063.16
4053.36
4029.33
4067.09
4098.06
4027.33
4042.56
3945.17
3979.54
3979.42
4009.97
3962.07
3942.86
4131.12
4019.11
4052.75
4143
4107.01
4063.47
4125.99
4043.1
4013.1
4083.1
4008.81
3997.51
4006.92
4105.16
5195.87
4080.28
4204.44
3994.31
4051.36
4096.83
5920.71
7670.5
9887.1
8870.25
8474.25
6192.86
4052.63
3994.58
4030.57
4085.95
3999.21
4057.8
4099.72
4024.4
4036.66
4146.86
4077.47
4045.76
4139.57
4048.23
4031.72
4098.57
4053.05
4048.58
4067.63
4129.23
4046.19
4144.43
4147.59
4012.29
3984.01
4047.04
3971.25
3972.44
4023.74
4006.77
4005
4092.97
4058.38
4007.5
4126.72
4122.98
4004.61
4025.01
4108.86
3990.46
4031.76
4072.57
4014.06
3992.81
4062.7
4039.79
4212.92
4088.85
4023.82
3942.98
4002.1
4069.41
4003.14
4030.37
4092.59
3998.28
4032.11
4086.57
4117.58
4007.08
4073.84
4002.49
4004.3
4152.33
4031.18
3974.49
4003.61
4070.14
3977.77
4002.99
4092.9
4096.95
4029.64
4054.44
3980.93
4007.04
4070.06
4047.77
4004.57
4046.77
4005.88
4306.96
4053.29
4163.75
4030.84
4381.28
4234.52
4071.8
4119.2
4172.54
4006.89
4053.71
4146.86
4026.17
4043.45
4341.48
3969.09
3981.35
4000.91
4133.7
4028.56
4067.63
4107.4
5382.86
4060.27
4116.23
4066.9
4087.5
4138.95
4067.44
4061.89
4125.06
4073.07
4001.49
4031.88
4119.82
4011.4
4083.79
4063.62
9433.13
4068.33
4054.67
3981.7
4015.41
4016.64
3974.49
3984.28
4061.5
3988.18
4011.13
4023.32
4033.23
3965.73
3959.95
4062.12
3986.83
4032.26
4080.32
4080.21
4039.79
4084.1
4059.73
4024.74
4097.06
4094.25
3991.46
4028.37
4143.96
4012.67
4066.32
4120.05
4044.49
4060.81
4105.43
4040.94
4031.57
