87805.3
65667
61339.6
50439.8
58089.8
55780
67200.4
63184.3
59522.2
61851.7
65011.6
66137.8
54525.1
64901.5
58725.8
52810.2
57931.6
59614.5
48857.5
53637.3
37442.1
60160.8
80779.8
80034.6
72922.2
78927
78535.7
78740.9
78965.7
82242.6
82526.1
80110.7
80281.2
83740.6
81127.2
79649.9
73080.2
74289.6
83399.9
78563.1
79316.7
81343.8
79905.5
80392.3
32065.4
43076.2
79862.7
87121.5
80403.8
80827.2
85969.4
76329.5
81176.6
83101.3
76631.2
79027.4
79763.2
80651
78238.8
78538.2
79861
76233.9
76864.5
79433.1
82248.4
76787
76187.3
78366.8
78853
36819.9
19193.1
18988.6
22864.5
49807.8
47541.6
44653.8
47214.4
33669.6
32762
45923.9
48089.8
51627.9
53422
62242.6
64656.6
56975.8
53704.3
50466.5
53846.3
58924.5
57857.3
56033.4
52320.3
60956.9
48316.7
68903.7
52116.2
51306.2
56733.2
51064.9
49785.2
47779.5
47057.8
73511
61123.5
68268.1
73944.1
54596.7
56204.5
70985.7
44635
50190.4
56100.4
49766.1
48912.6
48999.9
48071.2
53596.1
59080.4
70689.9
60885.9
49710.9
51275.7
47893.7
50674.9
53111.6
43522.8
48104.1
50035.9
52169.3
52383.3
49472.5
44274.4
51513.9
41509.4
52367.9
62570
51336.8
48678.3
63928.1
70636.4
77435.5
73227.8
79882.7
80167.9
73758.8
78938.4
86596.6
52362.5
25737
77050.4
94172.5
79836.1
81662.8
79925.9
75204.9
79640.3
82057.2
84686.1
80039.8
79821.3
79514.7
79339.4
83301.9
79601.4
77144.5
106340
74736.3
80310.2
81225.9
81039.3
78130.8
77378
82059.2
79542.7
84945.9
79828.9
80052.4
79553.2
82970.9
84374
78540.1
57277
48995.8
52014.4
45354.6
51975.4
48310.6
48299.1
51915.5
75175.3
80756
81580.9
79788
83243
78134.4
80585.4
74304.3
77109.2
80681.8
83768
85874.6
83506.6
86087.3
87629.9
105288
84669.5
79070.8
76445.8
75471.4
81268.9
78789.5
77544.9
76802
80499.3
81922.4
79975.6
78825.9
74384.7
51725.8
58214.6
50336.9
52445.5
53124.9
53311.2
45644.3
52283.2
50520.8
50335.9
47897.9
51686.9
51457.2
55110.4
46623.2
49755.1
50559.2
60747.1
60697.1
48542.6
52444
52656.8
50801.2
54243.5
55076.2
49983.4
48884.8
54714.3
49892.8
52053.5
51100.8
48000.4
51555.2
56274.7
59155.7
50897.3
53289.8
60095.6
80099
78838.9
78847.1
79418
83442.4
78939.5
79969.4
65817.2
68879.3
62171.6
48471.6
49355.3
51890.1
55006.5
59948.9
56957.5
52906.1
49121
55589.2
61082
50961.6
45833.7
47945.6
49625.8
50819.8
50914.2
52258.6
54416.4
63370.7
55684.5
50547.6
68800.4
56434.7
56004.1
43573
53120
54238.7
47585.6
51352.7
49818.2
52734.2
63710.8
61074.2
