21121.5
19312
18956.7
18369.6
18875.8
21851.1
18773.2
20226.1
23320.2
19826.2
18820.1
25262.7
18589.1
20094.1
19896.2
18338.2
22147
24081.2
20499.8
20118.8
20598.4
20131.9
21182.5
19708.4
20792.1
25066.3
22098.5
19148.7
22712.2
19705.9
19081.7
19745.5
18829
17623.2
21224
22247.1
18951.7
18976.6
19460.6
18883.2
22143.3
21199.4
19681.2
20407.2
18789.3
18460.6
22534.7
22063
22218.9
23120.8
19468.1
20577.4
21581.5
19177.8
20963.4
21643.2
19226.9
20233.4
19592.3
19130.7
22820.8
18508.2
18258
20579.1
19315
21844.2
21306.1
18637.4
23585.2
21306.3
18125.9
19266.8
20697.1
19469.5
21287.7
21546.8
22394.8
19794.9
22085.7
17502.9
20064.3
20991
20555.5
20338.4
19978
22178.4
20908.9
18400
19397
19332.5
19553
22295.9
18860.1
19470.5
20133.7
20720.9
17534.6
20865.1
21530
20037
19305
22358.1
22046.1
18396.1
18086.7
19257.9
18678.9
20457.7
19794.1
20142.7
19884.7
22193.4
19161.3
18888.5
18496.9
18091.1
21200.8
20678.2
21270.7
19764.8
17919.1
20770.1
19497.3
18589.3
18890.4
20107.7
20147.9
18466.6
20514.9
20958.9
19403.8
18155.3
18831
16799.3
18849.4
19900.4
17725.3
21068.6
28172.2
18992.2
20632.1
21815.6
21656.2
22214.6
20449.3
17622.6
22399.9
20620.1
16723
19367.1
23156.1
23997.5
20077.1
19237.2
20686.9
20869.3
18222.7
22355
18922.8
20607.5
19190.1
21207.3
19314.2
22297.2
17720.3
17122.8
17734.1
19409.7
21068.8
20931.6
19657.1
19995.4
17683.8
20556
19897.3
19490.7
19407
19794.4
17977.3
18606.6
18788.4
18002.7
18283.9
18122.2
18606.2
17974.3
20467.1
18759.9
19370.5
19769.6
19453.6
17641.3
19474.6
22375.3
22475
18505.6
18790
20435.9
25164
20453.3
23588.6
18269.7
19097.3
20117.6
19897.2
19980.6
28965.2
20105
20825
22708.7
19317.9
20221.3
19408.1
19929.1
17900.3
20394.7
19595.2
22731.8
20332
19278.5
19370.1
21099.6
17394.3
18486.1
21559.5
20065.9
23215.9
19870
18704.2
18568.3
19341
18761.4
21198.8
21213
20695.2
19046
20925.1
19646.8
19750.4
19280.7
21206.7
23961.7
19595.4
17986.4
20621
19159.4
19297.2
20234.9
20135
20076.7
20078.3
20800.2
19130.6
18833.2
21360.6
19279.9
18305.2
18999
21516.5
19780.6
19828.2
18466
19122.3
19182.6
23378.4
19098.3
21072.7
21646.1
19491.4
21654.6
20673.4
21712.6
21412.6
20097.4
20253
18915.8
21098.2
23412.1
19085.9
21453.6
22305.9
20999.8
21837.4
20395.4
18169.1
21095.1
19642
18803.9
20146.3
22397.1
18046.4
21249.2
16786.9
17964.5
20733.3
19656.8
20978.8
19254
23143.6
18714.2
