400412
490719
381912
346374
336387
338981
333704
2598874
393043
345161
341643
335189
334868
332922
332321
423301
360939
1617013
2929433
428685
340377
338142
343045
339186
333154
334012
329861
329852
346641
417447
340639
333683
328741
332461
328583
329941
329775
420374
332087
331781
328345
333525
330307
329980
407941
357104
331418
331713
327161
327710
327885
328016
360966
329819
326825
328702
327000
325312
1044312
429282
346448
337382
333697
334936
331065
360042
329579
378331
343530
330994
331802
332636
328572
327303
358340
49499941
458554
352810
347006
342394
337385
332363
332999
369770
333106
333727
330150
331775
331492
329573
433867
339388
331917
333053
331169
328028
357852
333385
365607
332877
329734
330221
329766
327345
356824
398005
354120
331133
328744
326287
328269
326539
325835
361400
328423
326949
329020
327039
328200
327873
408450
334788
328186
327006
327496
2029438
357365
341623
374825
339997
332690
330432
332122
329186
327133
404049
356673
333905
327469
328171
330518
326625
326940
366217
328964
328254
329199
326712
327015
328126
408194
334446
328952
326831
330125
326509
326414
329403
357757
387801
329695
331501
339432
332012
329226
404114
356970
333534
331186
330895
327145
331273
312891
378239
331798
329849
330616
328824
327746
329739
398849
334455
330063
327912
15686246
366172
622297
402852
343030
338529
338770
334202
345666
381799
321363
336618
331275
327240
357614
326846
417390
331189
327502
323835
327184
324373
324644
333246
357546
354206
328390
325080
327766
326688
324058
392309
352837
326399
326705
324414
323957
325811
324970
359014
326792
325128
330646
326510
324225
327927
409956
352106
328479
325547
354313
327065
324902
326536
355433
489537
330378
327065
324792
326613
324358
431565
352572
326640
325999
327389
323577
325576
325505
359136
329124
325903
323901
324596
329543
329389
395970
354643
330759
325781
325755
327502
325419
324744
361263
327074
353436
326266
325455
333020
327259
406295
334432
327244
325969
327716
324717
351193
326123
357861
329201
325294
326230
326946
324061
324198
398037
355746
326712
326096
324388
325883
324739
323630
355452
327511
324742
325166
324183
323021
327056
402839
378590
326225
324094
325918
322869
323110
324019
357822
325012
323654
322935
322765
325265
324115
405701
350771
324242
325728
322932
323556
324649
322474
358990
337581
328717
358301
327190
325288
325797
395741
353710
328075
325217
325951
326789
324287
324376
1315187
3623756
368344
341310
337319
332910
351357
336006
330637
333130
328408
329006
329095
374174
332601
329430
328988
355927
327835
327508
405371
354390
328759
330967
325984
325324
327464
325321
360978
329029
326554
326456
325621
325451
325802
412217
353395
330141
326961
325321
327410
324159
352813
356821
327413
327089
330179
324864
326299
324017
399202
332030
325271
324037
326061
325036
326745
324789
355733
327805
324994
325372
325912
323832
323092
406563
351363
355882
325630
325582
324947
325003
324465
360648
325434
326085
329377
326961
325867
326269
399984
332143
325978
325660
327362
324955
323835
326495
357409
327769
326349
323784
350807
309587
332167
396445
350884
326831
325740
325081
326302
324165
324423
355386
326465
323746
325689
325107
323883
327205
406497
380287
330821
325728
327739
325330
325493
326899
359736
326780
325265
324260
324697
328176
325205
396819
350503
326789
328159
325627
324129
328884
325024
360425
328747
325698
352456
325455
324518
325558
438116
356473
329297
327326
329321
327493
324275
326076
362330
326097
325659
325160
323850
324804
323193
403452
332093
325404
323832
324991
323595
325942
324180
354135
327425
324967
323915
325559
323327
323223
400251
349883
325490
327377
323595
324795
323535
322037
357638
324667
322418
324863
324117
324052
323832
404373
329457
323654
323434
325889
323862
321610
324534
355098
325054
326625
325775
323889
324159
325244
396953
350420
324988
326358
323496
325461
325618
324278
361139
326108
327861
326836
324994
324849
326792
407151
351006
326682
324507
324204
325505
324775
324171
358755
326150
326215
324025
324813
327360
325089
400679
330786
327128
325757
326289
325580
326813
325116
354690
328369
325125
324103
336030
331228
326415
396068
354090
359257
326132
325321
326646
324967
324772
359035
328227
325030
327184
325440
324162
324114
404709
332526
327883
326304
327118
324055
324254
325502
354896
326531
326786
325886
326613
324177
325766
392659
351538
326708
326834
324563
384836
328818
324946
384613
327285
323651
325618
324168
323425
328370
396507
352346
8753838
342826
334452
332509
327832
360625
331068
327160
327259
326236
325627
326545
374055
339994
328215
329493
330149
326697
312832
351232
336734
328827
327276
331760
327071
325993
388696
340196
331347
327559
354482
325799
324254
313890
335884
330256
326498
342522
333662
388841
335094
314912
335549
328815
326896
328910
362360
331305
329722
325300
324498
324465
325318
385608
351930
325930
328140
323977
323927
325829
324156
358833
328093
325077
327220
324985
323393
325455
383772
351571
327585
325273
325422
326498
324982
358399
354580
326827
326863
324498
323292
326361
323728
381921
331329
325856
323678
324991
325419
324515
324310
353808
333252
326524
325359
325600
325312
324798
385510
352278
328886
325476
325665
325882
326287
325083
354776
326459
324400
325306
325499
323556
330465
390499
332179
327306
1317986
3317316
368585
343684
387355
344834
334580
331903
331394
328075
328634
408375
356182
330904
329264
327083
327514
326691
324762
358084
327249
326245
328429
326203
325306
327549
403086
384844
318608
342088
332815
327154
326002
326067
358396
356450
326771
325107
327528
325933
323529
398507
350002
328299
325193
325098
324403
326055
324854
358963
326397
324483
325835
325149
323155
325544
407600
351193
326595
325511
347803
325389
323802
325193
361783
325802
325113
324447
324718
324840
324156
399497
329415
325499
325458
749237
336547
331347
328084
361343
329091
327915
325505
331073
326441
352762
398718
352825
328250
325897
324209
326925
325288
323981
370264
331991
327392
328200
325823
327793
326456
402061
333614
327437
326816
539873
351035
407041
338894
335964
332048
333371
331373
330016
409160
357079
328940
327975
329454
315759
559790
352037
440270
343465
335893
333189
352789
338404
331813
330548
359941
329157
328551
325776
326423
326465
323618
398647
353116
329618
326860
326444
325787
326260
324004
385635
329430
325184
325520
324239
323934
325606
396552
352780
329122
325987
325924
325645
323597
325324
354904
327231
326723
525268
329398
328842
325345
398073
333089
325779
327430
325728
324956
327434
365931
329258
326233
323948
325172
325173
323286
398516
351158
327612
325966
323678
323948
325853
324676
353877
326040
325357
328880
327300
325968
326717
396599
353136
329555
326453
327540
326536
327107
355436
356934
328254
326569
325668
325190
326825
325176
393848
334185
327065
326001
326343
325098
326726
324875
356274
329680
325526
326539
326637
325678
328079
398483
352465
326093
325606
324483
325454
326812
324599
355668
327668
323981
325179
324462
348388
325404
391759
330628
327776
325466
326174
323229
324563
325229
