18446738588768793540
18446738588761859509
18446738588755347767
18446738588748890204
18446738588741854995
18446738588733276877
18446738588725206594
18446738588718768258
18446738588712197954
18446738588705723974
18446738588699081687
18446738588691040486
18446738588682602753
18446738588676174904
18446738588669724725
18446738588663248135
18446738588656818898
18446738588650323352
18446738588643852175
18446738588637363798
18446738588630806618
18446738588624355156
18446738588617892740
18446738588611380017
18446738588604855597
18446738588598370687
18446738588591855409
18446738588585376392
18446738588578809411
18446738588572329805
18446738588565894963
18446738588559411935
18446738588552699116
18446738588546232341
18446738588539732778
18446738588533269589
18446738588526712651
18446738588520211562
18446738588513740687
18446738588507382587
18446738588500982502
18446738588494679809
18446738588488238158
18446738588481784379
18446738588475221598
18446738588468770814
18446738588462358980
18446738588455870456
18446738588449476259
18446738588443149429
18446738588436790710
18446738588430525493
18446738588424147896
18446738588417870966
18446738588411536237
18446738588405162067
18446738588398775481
18446738588392370513
18446738588386063898
18446738588379584723
18446738588373185444
18446738588366812324
18446738588360419742
18446738588354088771
18446738588347628455
18446738588341264155
18446738588334871914
18446738588328433180
18446738588322035332
18446738588315716763
18446738588309309704
18446738588303025262
18446738588296688581
18446738588271082281
18446738588264680620
18446738588258345034
18446738588252044358
18446738588245610259
18446738588239258890
18446738588232894649
18446738588226548847
18446738588220175113
18446738588213837001
18446738588207515401
18446738588201135169
18446738588194748767
18446738588188425037
18446738588182038169
18446738588175719263
18446738588169302522
18446738588162893047
18446738588156553083
18446738588150244765
18446738588143840044
18446738588137543908
18446738588131163875
18446738588124805711
18446738588118379421
18446738588110700345
18446738588104371236
18446738588098109505
18446738588091802752
18446738588085538446
18446738588079284614
18446738588073031153
18446738588066825057
18446738588060528442
18446738588054304339
18446738588048063839
18446738588041678462
18446738588035236890
18446738588028814102
18446738588022426006
18446738588016116747
18446738588009743761
18446738588003437325
18446738587997013958
18446738587990660375
18446738587984259717
18446738587977891706
18446738587971553500
18446738587965133986
18446738587958744593
18446738587952425483
18446738587946079215
18446738587939758239
18446738587933195403
18446738587926772853
18446738587920413362
18446738587913963941
18446738587907519269
18446738587901151577
18446738587894767348
18446738587888390653
18446738587881979286
18446738587875615729
18446738587869231015
18446738587862840492
18446738587856367513
18446738587849974132
18446738587843611378
18446738587837259835
18446738587830822800
18446738587824401701
18446738587817984609
18446738587811561688
18446738587805207664
18446738587798782321
18446738587792353507
18446738587785944076
18446738587779502925
18446738587773107178
18446738587766758681
18446738587760391712
18446738587754059008
18446738587747560251
18446738587741187082
18446738587734840863
18446738587728459953
18446738587721985497
18446738587715465143
18446738587708992564
18446738587702571694
18446738587696057812
18446738587689668646
18446738587683256972
18446738587676875814
18446738587670470613
18446738587664016888
18446738587657613999
18446738587651263353
18446738587644829918
18446738587638462731
18446738587632078354
18446738587625713871
18446738587619340929
18446738587612950100
18446738587606517932
18446738587600172977
18446738587593738492
18446738587587386132
18446738587581015434
18446738587574556633
18446738587568103680
18446738587561725251
18446738587555354548
18446738587549002520
18446738587542651909
18446738587536258464
18446738587529877599
18446738587523547089
18446738587517224107
18446738587510831777
18446738587504365730
18446738587497830420
18446738587491270694
18446738587484692615
18446738587478162945
18446738587471633726
18446738587465112188
18446738587458524620
18446738587452023486
18446738587445478167
18446738587438956649
18446738587432373028
18446738587425843398
18446738587419314114
18446738587412822355
18446738587406218672
18446738587399697401
18446738587393187467
18446738587386650453
18446738587380083269
18446738587373557952
18446738587367005125
18446738587360509067
18446738587353910020
18446738587347343930
18446738587340828409
18446738587334422232
18446738587327981532
18446738587321557635
18446738587315077093
18446738587308692637
18446738587302273118
18446738587295885136
18446738587289508569
18446738587283075189
18446738587276647404
18446738587270136554
18446738587263598004
18446738587257210473
18446738587250656502
18446738587244166689
18446738587237637544
18446738587231241569
18446738587224821015
18446738587218370108
18446738587211934623
18446738587203673701
18446738587195436474
18446738587188957566
18446738587182604696
18446738587176178165
18446738587169699371
18446738587163343010
18446738587156951695
18446738587150588242
18446738587144201953
18446738587137807667
18446738587131481347
18446738587125108856
18446738587118666001
18446738587112336314
18446738587105979076
18446738587099645357
18446738587093269865
18446738587086915891
18446738587080599431
18446738587074222201
18446738587067807867
18446738587061470607
18446738587055102118
18446738587048627726
18446738587042193712
18446738587035715596
18446738587029334726
18446738587022974720
18446738587016573238
18446738587010204010
18446738587003845272
18446738586997510746
18446738586991107421
18446738586984768458
18446738586978454162
18446738586972103402
18446738586965790295
18446738586959389813
18446738586952848604
18446738586946348292
18446738586939926500
18446738586933442521
18446738586927030653
18446738586920645579
18446738586914290243
18446738586907740392
18446738586901245166
18446738586894804303
18446738586885725020
18446738586877188014
18446738586870507878
18446738586863313296
18446738586856826667
18446738586850386923
18446738586843968657
18446738586835466320
18446738586829101976
18446738586822652886
18446738586816221833
18446738586809774487
18446738586803381409
18446738586796997394
18446738586790628122
18446738586784231488
18446738586777863697
18446738586771492503
18446738586765111519
18446738586758772001
18446738586752386500
18446738586746033026
18446738586739672108
18446738586733283245
18446738586726927869
18446738586720391821
18446738586713835948
18446738586707441884
18446738586699523250
18446738586682477695
18446738586675591825
18446738586668802685
18446738586661737914
18446738586654817426
18446738586647793987
18446738586640951119
18446738586634479461
18446738586627989330
18446738586621466164
18446738586615010305
18446738586608538692
18446738586602096615
18446738586595646322
18446738586589225951
18446738586582856976
18446738586576429459
18446738586570064630
18446738586563661845
18446738586557251612
18446738586550896246
18446738586544472889
18446738586538019040
18446738586531645940
18446738586525283062
18446738586518935387
18446738586512532335
18446738586506145695
18446738586499799867
18446738586493414530
18446738586487008432
18446738586480604746
18446738586474230596
18446738586467882361
18446738586461309576
18446738586454756982
18446738586448354242
18446738586441808814
18446738586435285755
18446738586428751777
18446738586422354435
18446738586415996563
18446738586409545206
18446738586403145273
18446738586396808048
18446738586390376114
18446738586383964737
18446738586377560922
18446738586371180878
18446738586364845169
18446738586358444657
18446738586352055387
18446738586345570398
18446738586339187358
18446738586332754503
18446738586326374865
18446738586319994896
18446738586313659424
18446738586307254911
18446738586300916200
18446738586294462723
18446738586288073092
18446738586281614875
18446738586275208693
18446738586268856660
18446738586262485625
18446738586256099852
18446738586249600078
18446738586243027720
18446738586236593196
18446738586230183968
18446738586223671780
18446738586217172196
18446738586210606820
18446738586204019846
18446738586197543136
18446738586191127480
18446738586184695461
18446738586178313417
18446738586171710726
18446738586165172716
18446738586158703666
18446738586152271008
18446738586145688678
18446738586139179050
18446738586132623960
18446738586126096222
18446738586119424443
18446738586112989587
18446738586106579235
18446738586100014646
18446738586093559485
18446738586087016052
18446738586080430545
18446738586073901598
18446738586067397052
18446738586060982054
18446738586054632220
18446738586048186117
18446738586041601481
18446738586035013868
18446738586028390044
18446738586021991781
18446738586015436923
18446738586008889975
18446738586002353362
18446738585995765635
18446738585989161551
18446738585982597542
18446738585975991620
18446738585969568961
18446738585963075459
18446738585956617891
18446738585950172649
18446738585943691597
18446738585937108605
18446738585930530333
18446738585924087523
18446738585917577148
18446738585910897668
18446738585904336160
18446738585897880801
18446738585891397436
18446738585884910906
18446738585878378245
18446738585871791286
18446738585865284011
18446738585858724756
18446738585852188004
18446738585845701802
18446738585839206971
18446738585832669973
18446738585826193754
18446738585819699900
18446738585813310957
18446738585806816048
18446738585800384743
18446738585793906845
18446738585787395628
18446738585780881638
18446738585774422732
18446738585767922876
18446738585761451872
18446738585754967433
18446738585748520195
18446738585742136982
18446738585735725892
18446738585729215562
18446738585722770929
18446738585716283404
18446738585709819116
18446738585703263778
18446738585696769647
18446738585690297811
18446738585683791734
18446738585677268121
18446738585670772247
18446738585664257345
18446738585657850286
18446738585651303328
18446738585644267822
18446738585636002457
18446738585629532220
18446738585623030809
18446738585616599117
18446738585610188300
18446738585603686061
18446738585597189657
18446738585590707891
18446738585584256479
18446738585577734713
18446738585571235935
18446738585564777660
18446738585558337639
18446738585551857275
18446738585545364045
18446738585538861207
18446738585532463152
18446738585525980743
18446738585519456674
18446738585513008758
18446738585506600105
18446738585500120514
18446738585493674217
18446738585487198053
18446738585480743927
18446738585474235617
18446738585467676125
18446738585457792702
18446738585449886176
18446738585443461784
18446738585437002586
18446738585430562985
18446738585424021038
18446738585417585732
18446738585411271164
18446738585404831102
18446738585398209204
18446738585391733015
18446738585385111678
18446738585378553676
18446738585371877351
18446738585365287208
18446738585358731716
18446738585352132238
18446738585345602390
18446738585339052049
18446738585332460841
18446738585326029917
18446738585319448094
18446738585312892122
18446738585306451734
18446738585299980081
18446738585293445370
18446738585286950684
18446738585280432097
18446738585274017006
18446738585267525692
18446738585261070185
18446738585254655385
18446738585248198486
18446738585241744959
18446738585235144441
18446738585228515193
18446738585221940858
18446738585215266173
18446738585208664174
18446738585202128180
18446738585195516111
18446738585188871567
18446738585182311950
18446738585175693960
18446738585169107432
18446738585162417449
18446738585155804737
18446738585149230907
18446738585142605954
18446738585135954520
18446738585129396324
18446738585122763224
18446738585116276105
18446738585109704860
18446738585103214483
18446738585096810430
18446738585090367229
18446738585083848029
18446738585077419982
18446738585070963598
18446738585064469065
18446738585057992916
18446738585051523670
18446738585045122926
18446738585038677367
18446738585032209097
18446738585025794471
18446738585019329281
18446738585012892424
18446738585006428547
18446738584999788182
18446738584993215055
18446738584986583356
18446738584979917085
18446738584973497437
18446738584967064527
18446738584960609138
18446738584954154844
18446738584947706294
18446738584941150669
18446738584934652761
18446738584928029609
18446738584921508299
18446738584913221969
18446738584906613542
18446738584900070466
18446738584893594485
18446738584887130300
18446738584880699673
18446738584873831761
18446738584867341809
18446738584860905670
18446738584854455541
18446738584847955803
18446738584841472305
18446738584834990242
18446738584828555945
18446738584822047764
18446738584815554881
18446738584809110833
18446738584802639106
18446738584796133628
18446738584789626140
18446738584783134272
18446738584776691314
18446738584770196519
18446738584763696212
18446738584757217150
18446738584750726694
18446738584744201605
18446738584737727511
18446738584731225505
18446738584724786583
18446738584718298340
18446738584711796577
18446738584705214278
18446738584698705549
18446738584692202439
18446738584685732738
18446738584679256591
18446738584672857610
18446738584666364231
18446738584659917756
18446738584653479186
18446738584646996207
18446738584640421718
18446738584633974828
18446738584627499188
18446738584621079803
18446738584614595076
18446738584608130273
18446738584601702226
18446738584595279315
18446738584588806256
18446738584582326249
18446738584575877526
18446738584569474280
18446738584562980624
18446738584556524725
18446738584550114819
18446738584543679002
18446738584537192972
18446738584530699074
18446738584524252748
18446738584517842589
18446738584511426403
18446738584505021845
18446738584498598865
18446738584492183387
18446738584485765537
18446738584479201503
18446738584472710006
18446738584466312798
18446738584459871513
18446738584453416649
18446738584446888732
18446738584440419997
18446738584434005881
18446738584427509412
18446738584421049526
18446738584414653259
18446738584408228466
18446738584401804797
18446738584395329366
18446738584388878280
18446738584382404033
18446738584375890706
18446738584369449788
18446738584363056487
18446738584356621977
18446738584350187561
18446738584343760213
18446738584337232593
18446738584330832973
18446738584324352268
18446738584317928178
18446738584311527646
18446738584305093780
18446738584298635450
18446738584292162856
18446738584285724885
18446738584279325621
18446738584272791767
18446738584266363764
18446738584259918523
18446738584253432627
18446738584246977124
18446738584240528124
18446738584234046423
18446738584227642871
18446738584221144530
18446738584214730726
18446738584208273455
18446738584201770246
18446738584195328981
18446738584188880734
18446738584182442861
18446738584176001700
18446738584169496070
18446738584163053968
18446738584156532369
18446738584149965097
18446738584143445377
18446738584136946932
18446738584130456361
18446738584123959729
18446738584117437012
18446738584110996708
18446738584101788222
18446738584095126586
18446738584088211571
18446738584081183395
18446738584074589032
18446738584067960949
18446738584061287477
18446738584054665836
18446738584048154414
18446738584041590818
18446738584034961798
18446738584028429241
18446738584021884581
18446738584015397135
18446738584008874141
18446738584002383353
18446738583995912319
18446738583989364662
18446738583982738073
18446738583976256823
18446738583969787260
18446738583963283997
18446738583956653349
18446738583950039860
18446738583943448499
18446738583936949202
18446738583930375189
18446738583923947266
18446738583917397247
18446738583910926619
18446738583904372139
18446738583897852582
18446738583891263359
18446738583884024201
18446738583877341637
18446738583870720041
18446738583864138951
18446738583857391168
18446738583850662071
18446738583844167924
18446738583837664472
18446738583831210093
18446738583824738787
18446738583818264540
18446738583811850701
18446738583805426240
18446738583798922332
18446738583792510306
18446738583785922616
18446738583779429954
18446738583772796887
18446738583766175467
18446738583759593213
18446738583752940888
18446738583746360246
18446738583739904094
18446738583733261359
18446738583726681779
18446738583720031772
18446738583713398171
18446738583706826015
18446738583700319748
18446738583693706665
18446738583687075796
18446738583680455136
18446738583673826632
18446738583667133667
18446738583660500827
18446738583653889545
18446738583647259777
18446738583640685190
18446738583634190583
18446738583627719995
18446738583621276452
18446738583614826818
18446738583608328160
18446738583601724932
18446738583595195347
18446738583588622393
18446738583582146462
18446738583575603984
18446738583569025385
18446738583562352578
18446738583555742922
18446738583549085040
18446738583542471868
18446738583535772530
18446738583529122810
18446738583522531750
18446738583515895559
18446738583509302406
18446738583502731762
18446738583496071402
18446738583489476668
18446738583482860539
18446738583476252894
18446738583469646294
18446738583463085437
18446738583456548685
18446738583449974709
18446738583443326380
18446738583436751129
18446738583430196125
18446738583423556806
18446738583416979110
18446738583410363833
18446738583403777512
18446738583397193450
18446738583390586594
18446738583383966325
18446738583377392238
18446738583370812806
18446738583364229700
18446738583357570823
18446738583351057553
18446738583344437104
18446738583337800809
18446738583331196121
18446738583324587575
18446738583317936374
18446738583311424141
18446738583304854436
18446738583298257320
18446738583291735054
18446738583285247064
18446738583278775679
18446738583272278383
18446738583265752754
18446738583259213432
18446738583252776040
18446738583246266784
18446738583239805096
18446738583233303769
18446738583226785960
18446738583220232890
18446738583213742473
18446738583207271093
18446738583200835702
18446738583194271756
18446738583187757845
18446738583181292641
18446738583174745984
18446738583168158154
18446738583161668866
18446738583155093104
18446738583148635110
18446738583142133630
18446738583135677483
18446738583129204290
18446738583122786604
18446738583116288530
18446738583109809355
18446738583103364445
18446738583096936968
18446738583090415004
18446738583083966662
18446738583077487012
18446738583070978375
18446738583064452142
18446738583057980658
18446738583051491172
18446738583045033747
18446738583038504350
18446738583032050863
18446738583025573015
18446738583019105007
18446738583012569543
18446738583006009817
18446738582999522902
18446738582993082196
18446738582986560614
18446738582980016305
18446738582973452444
18446738582966925498
18446738582960410146
18446738582953878495
18446738582947349618
18446738582940905456
18446738582934388811
18446738582927951260
18446738582921452984
18446738582914957129
18446738582908454103
18446738582901949790
18446738582895477662
18446738582889040661
18446738582882521396
18446738582876017667
18446738582869549382
18446738582863023214
18446738582856428569
18446738582849945932
18446738582843375979
18446738582836926771
18446738582829198105
18446738582819376776
18446738582809824212
18446738582803436542
18446738582797028731
18446738582790639887
18446738582784276479
18446738582777774854
18446738582771318772
18446738582764868553
18446738582758368553
18446738582751869326
18446738582745412828
18446738582738912981
18446738582732469364
18446738582725941938
18446738582719436911
18446738582712970295
18446738582706517521
18446738582700050598
18446738582693576989
18446738582687042045
18446738582680609234
18446738582674074087
18446738582667592044
18446738582661154989
18446738582654677701
18446738582648198511
18446738582641730176
18446738582635220009
18446738582628764996
18446738582622241671
18446738582615774307
18446738582609338965
18446738582602895427
18446738582596433006
18446738582589935140
18446738582583468772
18446738582577028473
18446738582570472551
18446738582563952865
18446738582557520019
18446738582551024318
18446738582544480430
18446738582538012814
18446738582531145500
18446738582523895377
18446738582516619651
18446738582510028315
18446738582503564527
18446738582497086986
18446738582490542964
18446738582484067107
18446738582477554766
18446738582471074585
18446738582464502231
18446738582457999032
18446738582451527241
18446738582445013493
18446738582438502538
18446738582432042553
18446738582425523066
18446738582419025686
18446738582412488246
18446738582405958848
18446738582399478856
18446738582392965445
18446738582386408141
18446738582379943100
18446738582373475548
18446738582366982258
18446738582360430917
18446738582353932749
18446738582347477360
18446738582340955902
18446738582334431268
18446738582327967198
18446738582321475746
18446738582314979985
18446738582308445378
18446738582301942451
18446738582295480044
18446738582289000305
18446738582282444670
18446738582275974042
18446738582269508050
18446738582263012116
18446738582256487849
18446738582250014295
18446738582243565800
18446738582237087011
18446738582230569702
18446738582224105577
