655862
139612
56718
73101
56198
56242
55164
56598
43833
42098
43461
42711
42618
42038
41299
43231
45508
43368
43078
42837
42941
42514
41748
42930
44211
41693
40363
41890
43784
42596
53456
48945
46163
47645
47983
46748
47931
48269
46306
45851
47671
45747
44590
48438
48308
45630
46878
44837
48074
46787
51363
49998
47489
49959
49881
47931
47281
46800
48191
45721
45058
47515
50271
45045
48347
47450
48880
47619
46852
48477
48737
57317
46527
45851
46930
46319
48945
47229
46904
45292
47255
48516
44148
44980
54808
45292
44629
45682
46683
43251
46917
44668
45305
45851
41535
45266
48516
53781
47008
45240
45370
45188
48113
42302
45968
47463
49296
48984
46670
48711
52741
46345
50479
50167
49205
46527
49127
47437
48906
46748
47515
47840
46046
52351
48425
45682
47138
45357
45318
47476
48139
47476
47814
46046
48633
46956
52221
47320
46956
45916
47047
45591
45266
46592
48230
46046
44876
46501
46735
51844
46865
45981
45123
48542
48022
46878
45708
45006
46631
49322
46410
52949
50323
46267
79014
47038
36608
34404
31938
31876
32064
31158
30918
31220
31690
36838
31824
31638
32240
31086
30680
31168
35974
31844
34872
31574
32136
31190
34580
31138
31356
31720
31118
30982
30846
31190
31968
30950
30420
31118
36806
35288
32470
31222
32728
32500
31980
31210
30900
31230
30670
31554
31106
30888
38200
30930
31136
32312
30920
31606
30670
31918
31376
31272
31284
30928
31044
34892
31480
31158
31262
31430
30888
30960
36868
34550
32448
31708
32864
37118
35558
32864
30970
30962
31190
31490
35858
31866
31292
31346
30660
31190
31522
34922
30586
31814
49702
46218
37170
37804
35130
36212
34372
34340
36702
33944
42932
36806
33760
35474
34580
35320
31772
33228
35048
36628
35318
36638
47568
43180
36586
36378
35244
35900
36588
36412
36650
37056
35890
37452
36130
36048
44710
38314
36650
34226
35984
36234
35974
36484
34966
35766
36732
34382
35194
42660
35994
35974
47236
36806
39666
36920
37564
37118
36058
36786
35308
42494
40582
36524
36180
35972
36284
36940
35204
34902
34922
71656
37388
38200
36368
43212
35912
34964
36234
36952
36722
36284
36544
35954
36316
36358
41434
37086
42214
37200
36326
35330
36192
35984
35382
35412
40758
36484
35568
36836
43232
45832
37460
50774
37108
35630
36318
39186
37502
38750
37086
36462
36452
34798
40696
36858
35858
42942
46260
40528
37950
39884
37804
44502
39728
38458
37472
45176
37638
38262
40528
38750
37804
37898
39966
38970
36754
36462
36742
44668
43358
41092
36296
37346
37492
52468
38668
38792
37678
37584
44958
37492
37930
41038
39572
38158
36816
38106
43410
45166
39334
37660
35682
37046
37844
37326
45292
36878
36348
39946
34308
34280
34142
35694
35038
36066
35662
36358
43182
38730
34860
35224
41662
37378
35536
35806
35848
36202
35724
36994
35390
35704
42702
38688
37210
35788
37774
36994
35620
39136
36650
38012
35692
36608
36244
42660
34164
35764
36390
33258
35320
34268
35620
35494
41474
49776
54112
46104
41048
36150
35360
37326
34800
33176
34392
30888
30728
29976
34416
31088
34832
33688
28624
28280
29192
27880
28912
29072
29288
27768
27200
30152
28448
27944
35192
28920
33200
29904
29024
28088
29184
29608
30176
29336
29736
30528
41312
33168
27560
33968
28720
25896
28000
27904
27160
26872
27536
30408
27440
27808
32192
28224
26128
28512
27752
26856
28456
28240
36760
27888
27200
31160
27472
31096
27040
29264
26096
26432
26784
29160
26424
29096
27784
29376
32152
36728
31904
28288
27064
26936
27568
26552
26896
29248
28608
26424
28936
28032
28384
32712
34872
27768
26728
27632
28064
26904
26184
26344
28152
26384
27400
28488
31872
28776
27792
29680
27568
27080
26488
28632
28360
26960
26488
26784
36512
32104
28376
27912
27080
26784
26096
26496
31816
26432
26744
26160
27224
26864
33880
27256
27392
26840
27360
28056
27000
28264
27512
28528
35440
27032
26696
34808
28256
26760
26520
26024
28872
26904
27424
27104
27904
26296
27560
35528
37456
28952
26360
27416
26272
26872
26800
28448
27128
27936
26656
27912
27960
35696
27608
27288
27904
26600
26120
27520
27744
26768
26704
27312
28464
26536
34848
28088
26544
26424
26920
28440
34608
27272
26464
26472
25608
27368
32216
35496
28016
27424
26424
25912
26408
25920
28120
26416
34520
27288
26592
25944
34440
27800
27536
31776
28952
27376
26128
30288
26656
27536
26688
27224
35120
34672
26352
28680
27640
26776
27656
27720
28264
26768
26928
25528
26808
34648
30928
27152
27744
26312
25912
27256
27080
25904
27936
26640
25864
27480
26792
34720
28712
26240
25848
28520
41400
27056
28968
26680
26088
28008
26440
27848
34952
29056
26312
26928
27968
26136
26184
26264
33408
26376
26264
29488
36352
31488
27168
29088
30312
33256
30272
28760
28528
29352
27472
28648
85936
175832
83464
29896
28424
30224
28288
29744
29424
30392
30568
30928
31008
29240
30016
33856
30472
28776
28824
28512
28744
28840
30232
31112
29552
28960
29288
33520
32192
29056
31016
30760
34072
28616
28816
30744
28504
28696
28840
28744
28480
32224
29248
30912
28792
29072
28248
29328
33352
28832
29024
28720
29392
28936
32600
29184
28680
28560
28456
28576
29272
29304
29840
31840
31696
29920
34256
31320
28688
28624
28840
30888
28992
29320
28944
28920
29040
28352
30712
29024
33328
30864
29512
28896
28304
28968
28728
29816
28824
29624
28632
29048
28928
32848
28800
30560
33584
28768
30600
32520
51792
47664
48752
53584
46376
63688
58144
47064
43632
55112
46224
45976
94302
37768
45976
122132
53536
50992
47400
60328
42520
45648
51432
47560
51264
45560
66408
58576
66888
50120
47264
48280
52920
44504
49328
44104
52480
49504
49968
52064
55392
45992
50096
52496
74592
54832
50800
44848
46016
49728
43752
27264
28696
27584
28128
54382
28800
28232
31168
28360
30928
28560
28144
28160
28200
28224
28816
28592
28216
27936
28920
30768
29000
28336
28824
27440
31280
27744
28888
27976
28192
31856
73764
49720
42752
30872
28344
27720
28088
28504
29616
30576
32504
28224
30664
29336
33552
32424
29208
29008
28800
28944
28704
28368
28096
28448
30080
27432
27856
27536
32600
28256
27528
28096
28480
27776
28120
27856
28272
27664
28376
28136
33016
31656
31520
27848
28608
27728
27848
27664
28464
28192
28600
27696
28496
28080
32016
28016
28064
27936
31904
28000
