5741
5456
5001
5423
5372
5123
5138
5271
7572
5390
5387
5245
7351
5164
5444
5212
7425
5265
5063
5248
5176
5120
5518
5132
5339
5247
5322
5592
7203
5271
5408
5277
6169
5197
5569
5369
5298
6983
5354
6917
5262
5449
5191
5349
5360
5512
7328
5268
5156
6959
5274
5432
5260
5554
5307
5164
6935
5167
5063
5343
5313
5043
8673
5604
5402
5188
5090
5265
5105
5354
5221
5099
5066
5034
5254
5262
5128
5161
5278
5132
5741
7485
7227
5527
7212
7619
5295
5337
5533
5678
5028
7610
5173
5340
5060
6843
5295
5544
7431
7550
5375
5176
5159
5387
5334
5348
5132
7143
5256
5334
5111
5455
6989
5337
5354
7054
5042
5238
5346
7417
5135
5239
5283
5351
5402
5435
5227
5274
5512
5387
5390
5238
5402
5156
5438
5227
7000
7141
7126
5209
5054
5188
5307
5048
5625
5090
7393
5586
5188
5221
5155
5150
5143
5313
7286
5117
5304
5081
5235
5036
5589
5423
5307
7616
5289
7304
5117
5316
5067
7250
5527
7298
5048
5277
5304
5533
5738
5411
5349
4989
5164
4980
6965
5527
7048
5435
5173
5557
7135
7194
7238
5242
5304
5138
7547
5634
7410
5462
5259
5084
7577
5114
5242
5396
5250
7304
5360
7464
5063
5381
5304
5361
5150
5239
5289
5298
5084
5227
7402
5055
5307
6947
5265
5224
7208
7342
5048
5250
5206
7321
7027
5245
5108
7051
5349
7381
5087
5325
5295
5259
7034
5450
5185
5369
5325
5372
5619
5265
4954
5489
5194
5482
5488
5646
5013
5143
5384
5241
4989
5295
5200
6926
7518
5117
5295
7063
7702
5625
5316
5553
5167
5286
7497
4992
7372
5316
5441
5111
5533
5337
5405
5321
7503
5462
5313
5316
4963
7384
7173
5310
5280
5515
5286
5058
5283
5099
5227
7247
5203
7378
5140
5260
5070
7346
5349
5248
5494
5310
7298
7393
7152
5342
5453
5138
5182
7099
7369
7161
7658
5158
5452
5248
5661
5316
5292
5155
5274
5346
5242
5266
7328
5518
7152
5402
5105
7232
5049
5108
5212
7004
7280
5111
5839
5215
5200
5462
5345
4965
5343
5304
5188
5797
5360
5060
5334
5167
5209
5268
5444
5084
5087
5251
5589
5438
5346
5102
5233
5111
5185
5039
5055
5013
51364
7054
5223
5123
5461
5167
5140
5390
5396
5147
5126
5227
5322
8591
5280
5248
5468
5236
5280
5027
5251
5244
5161
7723
5384
5334
5396
5274
6867
5280
5250
7675
5456
4992
5135
5280
7295
6873
5319
5135
7197
5245
7149
7009
5352
5319
5194
5640
7221
5372
7241
5643
5230
5218
7304
5340
5298
7500
5301
5037
5141
7295
5123
5153
5265
5301
5678
5221
5078
5343
5087
5220
5375
8278
5170
5435
5051
5191
5325
5179
5162
5028
7031
5007
5221
7381
7147
5307
5572
7613
6921
5301
5372
5346
5140
5345
7313
5307
5628
7250
5182
7604
5051
5013
5304
5013
5215
5527
7066
5426
5307
5375
5316
5015
5253
5200
5426
6968
5250
5307
5212
7337
7286
5450
7048
7381
5117
5242
5191
7420
5307
7104
5262
7482
5117
5138
5316
5518
5158
5030
5153
7206
7304
7134
7642
5051
5364
5076
5358
5149
7197
7141
5482
5215
7078
5336
4968
5149
5672
5527
5057
5191
5351
5078
7366
5601
5275
5099
5253
5120
5143
5330
5182
5515
7360
5518
5690
5247
5221
7155
7717
5337
5066
5200
5307
5158
5126
5289
5173
7051
5735
5298
5171
5295
5224
7232
7325
5007
5391
7220
5631
5072
7440
5340
5254
5096
5215
7437
7108
5013
5212
7592
5058
5360
5337
5084
5247
5357
7046
7265
5152
7613
5209
7654
5087
5016
7958
5319
5155
5194
5322
5289
5061
5485
5304
5387
5645
5221
5164
7120
7301
5212
5223
5402
5168
7446
5135
5117
5173
7366
4971
5346
7307
4989
5271
7405
5586
7069
5066
7150
5064
5289
5254
5096
5275
5236
7054
5390
5325
6097
29129
5200
5542
5565
5408
5150
5313
7182
7369
5340
5435
5168
5108
5176
5072
5319
5467
5470
5339
5084
5524
5072
7096
7193
5310
5269
7259
7247
7274
5093
5045
5437
5132
5289
5117
7268
5075
5176
5363
5283
5114
7155
5313
4980
5422
5319
5527
5274
5340
5497
7417
5384
5566
5592
7354
5363
5164
5269
5645
5298
5081
5019
5221
7149
5081
5111
5069
7009
5277
5512
5114
5405
5257
4974
5446
7444
5283
5167
5158
5209
5337
7117
5224
5236
5304
5307
5566
5423
5512
5144
7256
5364
5232
5203
5357
5242
5188
5135
5437
4980
5420
5280
7069
5268
5102
5500
4933
5039
7470
5399
5055
7280
5123
5016
6968
5592
7618
5182
7354
5030
5230
5304
7277
5358
5188
5058
5212
5387
7319
7580
5301
5465
5277
5550
7119
5051
5197
5304
7271
5191
5402
7761
5084
5753
5138
5239
5369
5099
5209
5200
5286
5090
7405
5191
5179
7081
5399
5149
5200
5426
5420
5141
5200
5328
7295
5030
5379
5063
5167
5182
5393
5203
5167
5049
6980
5194
5646
5328
5081
5203
5384
5046
5572
7099
5123
5051
5123
5081
5173
5230
5218
5078
5147
5161
5542
5402
5488
5557
7099
7031
5283
5096
5301
5298
5292
5099
5414
5393
7657
5352
5634
5218
5518
5051
5307
7116
5408
5078
5295
5526
5105
5402
5414
5161
5176
5224
5301
4980
5099
5007
7274
5159
5625
5298
5093
7931
51349
7429
7928
5387
7298
5123
7119
5321
5022
5283
5215
5057
7485
5369
5289
5399
5376
5084
7355
5357
5072
5156
5307
7625
5135
5043
5250
5515
5037
5072
5384
5301
7167
7238
5263
5351
5372
7140
5070
5408
7532
5242
5432
5025
5286
5141
5209
5203
5233
5260
7301
7040
5408
7277
5251
5218
5411
5039
5063
7128
5013
5102
5527
6965
5396
5078
5185
5108
5355
5336
5272
5224
5054
4980
5248
5200
5378
5461
5224
5126
7405
5114
5503
5138
5509
5345
5046
5191
5120
5099
5364
5355
5165
5156
5221
7530
5179
5464
5129
5206
5333
5019
7132
5402
5435
5072
5138
5269
5500
5054
5396
5376
5476
7292
7387
5452
5277
5248
5132
5476
5233
7634
